t_s,q_rad,q_des_rad,K,B,jerk,tau_Nm,ilc_ff_Nm
0.0055844783782958984,-0.052953052235637635,[0.00194501],0.005,0.1,0.0,9.998999999999999,0
0.017113208770751953,-0.052953052235637635,[0.00940773],0.005,0.1,0.0,10.098989999999999,0
0.02911210060119629,-0.052953052235637635,[0.02340944],0.005,0.1,0.0,10.099989899999999,0
0.03841447830200195,-0.052953052235637635,[0.04278732],0.005,0.1,0.0,10.099999898999998,0
0.047115325927734375,-0.052953052235637635,[0.06647763],0.005,0.1,0.0,10.099999998989999,0
0.058019399642944336,-0.052953052235637635,[0.09352536],0.005,0.1,0.0,7.300009007678728,0
0.07007551193237305,-0.052953052235637635,[0.12309138],0.005,0.1,0.0,4.316111280080808,0
0.07899308204650879,-0.05099906506827094,[0.15443354],0.005,0.1,0.552076719357362,2.4459571827078226,0
0.08869099617004395,-0.0472864894502742,[0.18689239],0.005,0.1,3.1026711627883743,1.4634017574280076,0
0.09801554679870605,-0.04357391383227746,[0.21989562],0.005,0.1,5.0,0.903509526998412,0
0.1090545654296875,-0.03927514206407072,[0.25295769],0.005,0.1,5.0,0.6207985990028402,0
0.11781668663024902,-0.035953363879547326,[0.28566684],0.005,0.1,5.0,0.37882915715301724,0
0.12771010398864746,-0.03165459211134058,[0.31767326],0.005,0.1,5.0,0.271576839980501,0
0.13700246810913086,-0.027942016493343845,[0.34868965],0.005,0.1,5.0,0.21039203078280128,0
0.14496517181396484,-0.024815637025557124,[0.37848548],0.005,0.1,5.0,0.15847921502516002,0
0.15482139587402344,-0.020516865257350376,[0.40687848],0.005,0.1,5.0,0.1492769911947272,0
0.1640164852142334,-0.01680428963935364,[0.43373716],0.005,0.1,5.0,0.16376408304796244,0
0.17289996147155762,-0.013287112738093578,[0.45897221],0.005,0.1,4.809911947405752,0.14978383038820478,0
0.18196725845336914,-0.009769935836833513,[0.48252156],0.005,0.1,3.021236974525059,0.1480386549094785,0
0.19006919860839844,-0.006643556369046789,[0.50435406],0.005,0.1,0.4693336951077898,0.17260341691352965,0
0.1980278491973877,-0.0035171769012600643,[0.52447],0.005,0.1,-2.1251378399449394,0.17350946162983302,0
0.20701336860656738,0.0,[0.54288939],0.005,0.1,-3.9388267478942494,0.1872427604383833,0
0.21906232833862305,0.005080366635153426,[0.55965312],0.005,0.1,-5.0,0.20863833071279383,0
0.22965717315673828,0.009379138403360172,[0.57482146],0.005,0.1,-5.0,0.21637392724429527,0
0.23782968521118164,0.012700916587883566,[0.58846153],0.005,0.1,-5.0,0.21563200323632017,0
0.2470078468322754,0.016022694772406962,[0.60064544],0.005,0.1,-5.0,0.22630492221826692,0
0.25646138191223145,0.019930669107140364,[0.61145511],0.005,0.1,-5.0,0.23472703369261275,0
0.26476073265075684,0.0236432447251371,[0.62097751],0.005,0.1,-5.0,0.23377750736383807,0
0.2749950885772705,0.027942016493343845,[0.62930061],0.005,0.1,-5.0,0.24061280402711077,0
0.28403162956237793,0.03165459211134058,[0.63651631],0.005,0.1,-5.0,0.24630529518566302,0
0.29410552978515625,0.035757965162810657,[0.64271865],0.005,0.1,-5.0,0.2497841104141538,0
0.30373549461364746,0.039470540780807396,[0.6480001],0.005,0.1,-5.0,0.25229244681486773,0
0.3150601387023926,0.04435550869922414,[0.6524507],0.005,0.1,-4.988576141743809,0.25206330169194247,0
0.3269507884979248,0.049045077900904226,[0.6561592],0.005,0.1,-4.809437685991954,0.25980858680516095,0
0.3361961841583252,0.05236685608542762,[0.65921212],0.005,0.1,-4.552618184207505,0.25656743654831626,0
0.34484148025512695,0.05607943170342436,[0.66168701],0.005,0.1,-4.2649496727291085,0.24514596621236096,0
0.358473539352417,0.061550595772051124,[0.6636548],0.005,0.1,-3.970825401237383,0.24960093365021613,0
0.3689732551574707,0.06584936754025787,[0.66518582],0.005,0.1,-3.6828560817899345,0.2444057246413629,0
0.3795137405395508,0.07034353802520128,[0.66634513],0.005,0.1,-3.407388554614342,0.23913173995966786,0
0.3880937099456787,0.07405611364319802,[0.66719057],0.005,0.1,-3.1473967720582214,0.2349115272749257,0
0.3972151279449463,0.07757329054445808,[0.6677752],0.005,0.1,-2.9040178566905115,0.23117561690985697,0
0.4080076217651367,0.08187206231266483,[0.66814749],0.005,0.1,-2.401343704518422,0.22683893428526983,0
0.42047739028930664,0.0867570302310816,[0.66835373],0.005,0.1,-2.433945169911114,0.23157600547912285,0
0.4300563335418701,0.09125120071602501,[0.66843793],0.005,0.1,-2.327465404017513,0.22528821564466361,0
0.43857765197753906,0.0945729789005484,[0.66843518],0.005,0.1,-1.8924646926425694,0.2118829345384043,0
0.44649815559387207,0.09730856093486177,[0.66837246],0.005,0.1,-1.6876591553509188,0.21147389125701319,0
0.45430445671081543,0.10043494040264851,[0.66827372],0.005,0.1,-1.5756376063351665,0.20189309758052387,0
0.46295857429504395,0.1037567185871719,[0.66816003],0.005,0.1,-1.7719073042599156,0.20263621489194059,0
0.47429561614990234,0.10864168650558867,[0.66805479],0.005,0.1,-1.7328542937640345,0.21300738833037902,0
0.4835169315338135,0.11235426212358537,[0.66798054],0.005,0.1,-1.32861483194714,0.1979649477219013,0
0.4934828281402588,0.11645763517505547,[0.66795132],0.005,0.1,-1.1436858122453462,0.1974319388831789,0
0.5039680004119873,0.12095180565999888,[0.66797881],0.005,0.1,-1.0507870389010148,0.196133460729427,0
0.5143964290618896,0.1252505774282056,[0.66807765],0.005,0.1,-0.9925633273524707,0.208688484852169,0
0.5227646827697754,0.12896315304620237,[0.66825955],0.005,0.1,-0.9446567309680403,0.18950954152370855,0
0.5327985286712646,0.1326757286641991,[0.66852814],0.005,0.1,-0.8978386182079499,0.1887024811694755,0
0.5419554710388184,0.13619290556545915,[0.6688855],0.005,0.1,-0.8494923751808556,0.18779994770399952,0
0.5518391132354736,0.14068707605040257,[0.66933507],0.005,0.1,-0.79964595188067,0.18562998798472968,0
0.5599479675292969,0.1438134555181893,[0.66987593],0.005,0.1,-0.7491915395370597,0.17204716924883648,0
0.5709719657897949,0.14830762600313271,[0.6705062],0.005,0.1,-0.6991373945923278,0.18605856873549528,0
0.582977294921875,0.1529971952048128,[0.67122866],0.005,0.1,-0.6503327745543996,0.1818398282560693,0
0.5918107032775879,0.15651437210607286,[0.67204441],0.005,0.1,-0.6033993860489788,0.17885286576427245,0
0.6003873348236084,0.16003154900733293,[0.67294768],0.005,0.1,-0.5587450852805411,0.1632721941736076,0
0.6102626323699951,0.16393952334206632,[0.67393237],0.005,0.1,-0.5166040268860653,0.1771112906279927,0
0.620159387588501,0.16784749767679974,[0.67499762],0.005,0.1,-0.47707978530823275,0.1729173456646715,0
0.6285369396209717,0.17116927586132313,[0.67613885],0.005,0.1,-0.4401828072215054,0.15709806748263772,0
0.6389503479003906,0.17566344634626652,[0.67734566],0.005,0.1,-0.4058600401287473,0.156726782299146,0
0.6502590179443359,0.18054841426468332,[0.67861369],0.005,0.1,-0.37401717424204634,0.1686264515127656,0
0.6609125137329102,0.18484718603289005,[0.67994376],0.005,0.1,-0.3445347749713243,0.16353131568730359,0
0.6707541942596436,0.18855976165088678,[0.68133314],0.005,0.1,-0.31727968451272576,0.1599552150652965,0
0.6799571514129639,0.19207693855214686,[0.68277353],0.005,0.1,-0.2921128984646252,0.14513496074502746,0
0.6909782886505127,0.19657110903709027,[0.68425754],0.005,0.1,-0.26889488100427184,0.15909282544671702,0
0.700648307800293,0.20067448208856034,[0.68578425],0.005,0.1,0.02854930790420407,0.15644309472164883,0
0.7090797424316406,0.20419165898982042,[0.6873499],0.005,0.1,0.08139897675270148,0.14142255056432704,0
0.7200672626495361,0.20829503204129046,[0.68894557],0.005,0.1,0.044470985339688913,0.14351470390653492,0
0.7314348220825195,0.21298460124297056,[0.69056967],0.005,0.1,-0.014882746133140442,0.16056182944583258,0
0.7419283390045166,0.217478771727914,[0.69222687],0.005,0.1,-0.07000176397178229,0.15724112252896463,0
0.7519216537475586,0.22138674606264738,[0.69391813],0.005,0.1,-0.11244456946327237,0.15502495291462576,0
0.7599349021911621,0.22490392296390746,[0.69564115],0.005,0.1,-0.14139216670201385,0.15381607605125258,0
0.7720365524291992,0.22998428959906086,[0.69739393],0.005,0.1,-0.15879755740755525,0.15174691554940628,0
0.7823629379272461,0.2344784600840043,[0.69917469],0.005,0.1,-0.16727376268642274,0.15037170246736625,0
0.7899625301361084,0.23721404211831768,[0.70097853],0.005,0.1,-0.16925700610272257,0.13396102378366379,0
0.800952672958374,0.24151281388652443,[0.70280117],0.005,0.1,-0.1667416154770125,0.15437831768483767,0
0.8107120990753174,0.2456161869379945,[0.70464524],0.005,0.1,-0.16125468952288624,0.1514516771996611,0
0.8199520111083984,0.24913336383925455,[0.70650943],0.005,0.1,-0.15391838885000925,0.13233261788030656,0
0.8296337127685547,0.253041338173988,[0.70838581],0.005,0.1,0.13050489369939872,0.1343826164943428,0
0.8391213417053223,0.2563631163585114,[0.71027364],0.005,0.1,0.17250534232550627,0.15296673954083703,0
0.8503892421722412,0.26144348299366477,[0.71217822],0.005,0.1,-0.1496428705972086,0.1464570020465428,0
0.8595128059387207,0.2651560586116615,[0.71409718],0.005,0.1,-0.2500047179574887,0.12632884678274295,0
0.8706398010253906,0.2700410265300783,[0.71602181],0.005,0.1,0.019155811685968,0.12606842801096174,0
0.8782305717468262,0.2729720072811283,[0.71794748],0.005,0.1,0.07989381667348959,0.12646874970774305,0
0.8862309455871582,0.276098386748915,[0.71987304],0.005,0.1,0.061020821974062604,0.1260941122736701,0
0.8950057029724121,0.27942016493343846,[0.72179728],0.005,0.1,0.019366704504580546,0.12537519107122677,0
0.9069602489471436,0.2843051328518552,[0.72371902],0.005,0.1,-0.02194105263166584,0.12311256014835616,0
0.9166738986968994,0.28860390462006197,[0.72563715],0.005,0.1,-0.05502551525313369,0.12153563502704919,0
0.9246242046356201,0.29192568280458536,[0.72754788],0.005,0.1,-0.07851572295971637,0.10830134307395903,0
0.9329347610473633,0.2952474609891087,[0.72944536],0.005,0.1,-0.09351125244396521,0.11123211232397674,0
0.9447298049926758,0.2999370301907889,[0.73133118],0.005,0.1,-0.10180020990929126,0.12759153660961808,0
0.9539690017700195,0.30345420709204884,[0.73321019],0.005,0.1,-0.10513314674715732,0.11080536062351616,0
0.96295166015625,0.3069713839933089,[0.73508066],0.005,0.1,-0.1049753891828741,0.11279504191134507,0
0.9724748134613037,0.31087935832804237,[0.73694139],0.005,0.1,-0.10246389728805819,0.11399364062433173,0
0.9819912910461426,0.31498273137951244,[0.73879475],0.005,0.1,-0.37448047931013867,0.11489266284238589,0
0.9910926818847656,0.3186953069975092,[0.74063998],0.005,0.1,-0.4026798251188233,0.10199915743017103,0
1.002976894378662,0.32358027491592595,[0.74247708],0.005,0.1,-0.3421799872616684,0.1213671904305474,0
1.013944387435913,0.32768364796739596,[0.74431324],0.005,0.1,-0.2605078216098426,0.12095244865868131,0
1.0239379405975342,0.33178702101886604,[0.74615506],0.005,0.1,-0.4604481437014246,0.12087138819572048,0
1.0334506034851074,0.3356949953535995,[0.74800526],0.005,0.1,-0.43151528824581326,0.12107378161463456,0
1.0419249534606934,0.3390167735381229,[0.74986651],0.005,0.1,-0.32920432869769845,0.12183593318914465,0
1.0518226623535156,0.34312014658959294,[0.75174137],0.005,0.1,-0.21875425000146723,0.12225916558030886,0
1.0599207878112793,0.3462465260573797,[0.75362864],0.005,0.1,-0.40008219857047533,0.10500918360068612,0
1.0709302425384521,0.3505452978255864,[0.7555276],0.005,0.1,-0.36007101562927346,0.13026678935116212,0
1.0800933837890625,0.3540624747268465,[0.75744533],0.005,0.1,0.02396845476550577,0.12972606145619617,0
1.0891623497009277,0.3577750503448432,[0.75938425],0.005,0.1,0.1694915532095359,0.10864190787422028,0
1.099902629852295,0.36207382211305,[0.76133899],0.005,0.1,-0.06750926713609168,0.11386814156808932,0
1.1099474430084229,0.36617719516452,[0.76331311],0.005,0.1,-0.10580416258203686,0.14236362202407962,0
1.1209766864776611,0.37047596693272683,[0.76531761],0.005,0.1,-0.07157007012458691,0.13900108710392114,0
1.129542589187622,0.37399314383398685,[0.76735382],0.005,0.1,-0.019627280287640804,0.1132725931554904,0
1.1379365921020508,0.37770571945198356,[0.76941465],0.005,0.1,0.028384107399938147,0.11798859934181029,0
1.1476128101348877,0.381613693786717,[0.77149792],0.005,0.1,0.06566681064591506,0.12133332660588277,0
1.1568725109100342,0.38532626940471365,[0.77360559],0.005,0.1,0.0916231621572563,0.12350975350957431,0
1.165994644165039,0.38884344630597373,[0.77573892],0.005,0.1,0.10790124367700941,0.12462534841405974,0
1.1769208908081055,0.39314221807418054,[0.77789851],0.005,0.1,0.11667527184659732,0.12432974535549476,0
1.186802864074707,0.39724559112565055,[0.78008428],0.005,0.1,0.1199658262230545,0.12335229129374004,0
1.194939136505127,0.40056736931017395,[0.78229162],0.005,0.1,0.11942590679191349,0.10150031827216818,0
1.2039482593536377,0.404084546211434,[0.78451597],0.005,0.1,0.1163220486051196,0.12717459080284774,0
1.213923692703247,0.4081879192629041,[0.78675677],0.005,0.1,0.11158647061131485,0.1022270548587977,0
1.2220063209533691,0.4111189000139542,[0.78900538],0.005,0.1,0.10588620101106319,0.08762149626128361,0
1.2312231063842773,0.4150268743486876,[0.79125394],0.005,0.1,0.09968771752547059,0.11157889881320779,0
1.2388980388641357,0.417762456383001,[0.79350305],0.005,0.1,0.09331026842068521,0.0924747861699771,0
1.2488455772399902,0.42225662686794435,[0.79574914],0.005,0.1,0.08696718449551064,0.0950905091751802,0
1.2609524726867676,0.42733699350309784,[0.79798878],0.005,0.1,0.08079674588988794,0.09591247100141569,0
1.2713725566864014,0.4314403665545679,[0.80022587],0.005,0.1,0.07488472146160055,0.11460446335306007,0
1.2807512283325195,0.4353483408893013,[0.80246703],0.005,0.1,-0.2067577852964093,0.10919483638609259,0
1.2891786098480225,0.4386701190738247,[0.80471075],0.005,0.1,-0.24515397797837454,0.08852221426421203,0
1.300957202911377,0.44355508699224144,[0.80695267],0.005,0.1,-0.19498773318246945,0.10931161300582343,0
1.311882734298706,0.44746306132697483,[0.80919696],0.005,0.1,-0.3995344769105422,0.1074510868205859,0
1.3219249248504639,0.4513710356617082,[0.81144798],0.005,0.1,-0.366402148233296,0.1070240511866544,0
1.3299059867858887,0.454497415129495,[0.81370262],0.005,0.1,-0.25863547491139394,0.08798512499761395,0
1.339616060256958,0.4584053894642284,[0.815955],0.005,0.1,-0.14420858484617077,0.09419482611045846,0
1.3504691123962402,0.4627041612324352,[0.81820923],0.005,0.1,-0.3236860707624297,0.12411182072349618,0
1.3595106601715088,0.4658305407002219,[0.82047356],0.005,0.1,-0.2837774508929346,0.09889034112875157,0
1.367913007736206,0.4693477176014819,[0.82274713],0.005,0.1,-0.17740381332480892,0.10512205965686722,0
1.3791141510009766,0.4736464893696886,[0.82503434],0.005,0.1,-0.06771058543585001,0.1381993047430754,0
1.3879330158233643,0.4771636662709487,[0.82734357],0.005,0.1,-0.25301599541590486,0.10728887314358651,0
1.3969686031341553,0.4804854444554721,[0.82966852],0.005,0.1,-0.21902838726996748,0.08878113619842606,0
1.4089617729187012,0.48537041237388884,[0.83200389],0.005,0.1,-0.11825773218782247,0.1237459956727,0
1.4184303283691406,0.4890829879918856,[0.83435869],0.005,0.1,-0.01371026767170238,0.12378812279654636,0
1.42645263671875,0.4926001648931457,[0.8367401],0.005,0.1,0.07235383443621174,0.12283171196509171,0
1.4360556602478027,0.49631274051114244,[0.83914891],0.005,0.1,0.13524586843496886,0.1210484454134606,0
1.443894863128662,0.4992437212621924,[0.84158063],0.005,0.1,0.17710405962157727,0.09505165394832402,0
1.4519095420837402,0.5021747020132425,[0.84402205],0.005,0.1,0.2021110483817593,0.07942894206021327,0
1.4609029293060303,0.5056918789145026,[0.84646152],0.005,0.1,0.21451528951559312,0.08742604595411874,0
1.4701690673828125,0.5092090558157627,[0.84890163],0.005,0.1,0.21793045662422034,0.11578507871788771,0
1.4785456657409668,0.5127262327170228,[0.85134842],0.005,0.1,0.21518709466651462,0.09031117263472414,0
1.4879133701324463,0.5162434096182827,[0.85379823],0.005,0.1,0.20839967998542902,0.09372729234295311,0
1.4959042072296143,0.5193697890860695,[0.85624356],0.005,0.1,0.19909889295697614,0.07702743066705105,0
1.506775140762329,0.5234731621375396,[0.85868204],0.005,0.1,0.18836676285265336,0.10338319872517959,0
1.5159327983856201,0.526794940322063,[0.86111973],0.005,0.1,0.17695244384345654,0.10204725047403651,0
1.527951955795288,0.531484509523743,[0.8635615],0.005,0.1,0.16536375129245967,0.09972695217691883,0
1.5374650955200195,0.5351970851417398,[0.86600708],0.005,0.1,-0.12210196264845666,0.09801501901569709,0
1.5482211112976074,0.5391050594764732,[0.86845594],0.005,0.1,-0.16627800859766176,0.09625903989359309,0
1.5569071769714355,0.5426222363777332,[0.87090349],0.005,0.1,-0.12172599662004827,0.07634982868510001,0
1.5689687728881836,0.54692100814594,[0.87334578],0.005,0.1,-0.3316460799849216,0.09944967169122897,0
1.5772716999053955,0.5502427863304634,[0.87578734],0.005,0.1,-0.3036032495723211,0.09698090625936386,0
1.5858948230743408,0.5533691657982501,[0.87822812],0.005,0.1,-0.47665961938557994,0.07649022713530541,0
1.5969133377075195,0.5574725388497203,[0.88066424],0.005,0.1,-0.3998309462956693,0.09968580761070486,0
1.6063807010650635,0.5611851144677169,[0.88310049],0.005,0.1,-0.25233876592252324,0.0969558603165383,0
1.614912748336792,0.5643114939355037,[0.88553706],0.005,0.1,-0.3831267449627061,0.07618258704431784,0
1.6270039081573486,0.5688056644204471,[0.88797034],0.005,0.1,-0.29803533869809407,0.09990802045635903,0
1.634917974472046,0.5717366451714971,[0.89040153],0.005,0.1,-0.43206007316986966,0.07800846307242724,0
1.645056962966919,0.5756446195062305,[0.89283202],0.005,0.1,-0.329952424852454,0.10329426344022334,0
1.6536214351654053,0.5785756002572806,[0.89526351],0.005,0.1,-0.1672511733590076,0.08045453500194472,0
1.6608762741088867,0.581311182291594,[0.89768952],0.005,0.1,-0.013945005346262793,0.06702234249132111,0
1.6694834232330322,0.584242163042644,[0.90010116],0.005,0.1,-0.16866324575133013,0.07666274054972205,0
1.6778721809387207,0.5873685425104307,[0.90249596],0.005,0.1,-0.11510656136226816,0.0657043194207224,0
1.6868562698364258,0.5902995232614808,[0.90487781],0.005,0.1,-0.003279842487060869,0.10269159366107414,0
1.695868968963623,0.5936213014460042,[0.90725609],0.005,0.1,-0.16993625066239873,0.08328103408636897,0
1.703871726989746,0.5965522821970541,[0.90964071],0.005,0.1,-0.11652191350813988,0.12883349770456737,0
1.7124879360198975,0.5998740603815778,[0.91204198],0.005,0.1,-0.0009952574547694368,0.10144506453556694,0
1.720991611480713,0.6028050411326277,[0.91445885],0.005,0.1,-0.16344491595547056,0.08532858336800525,0
1.7305853366851807,0.6065176167506244,[0.91689257],0.005,0.1,-0.1065378139572446,0.14507484288715147,0
1.7402150630950928,0.6100347936518845,[0.91936347],0.005,0.1,0.011468269309500123,0.1584252619128309,0
1.7483456134796143,0.612770375686198,[0.92188386],0.005,0.1,0.12658944949226889,0.1248528338227825,0
1.7579081058502197,0.6162875525874579,[0.92445284],0.005,0.1,0.2173895932533878,0.1477752174795879,0
1.7659177780151367,0.6194139320552446,[0.92707719],0.005,0.1,0.2804976608531122,0.16937525830308278,0
1.7749111652374268,0.6225403115230315,[0.92976293],0.005,0.1,0.3193323751546257,0.13476224976490728,0
1.785872459411621,0.6268390832912382,[0.93251591],0.005,0.1,0.3391404854750023,0.22339499834111348,0
1.7954800128936768,0.6307470576259715,[0.93534841],0.005,0.1,0.6210271622054874,0.16896448683325885,0
1.805877685546875,0.6344596332439683,[0.93826334],0.005,0.1,0.9262923427948861,0.192732930388981,0
1.8152275085449219,0.6379768101452282,[0.94126316],0.005,0.1,1.1699695092013243,0.21317060846688682,0
1.8251008987426758,0.6414939870464884,[0.94436514],0.005,0.1,1.3334770393132063,0.3098768819423,0
1.8328537940979004,0.6448157652310118,[0.94757555],0.005,0.1,1.4241017913450689,0.3103804992366122,0
1.8443725109100342,0.6497007331494286,[0.95088339],0.005,0.1,1.7329887241317667,0.3932474820851492,0
1.855146884918213,0.6539995049176353,[0.95429463],0.005,0.1,2.032671697202561,0.35948450570888285,0
1.864997386932373,0.6579074792523687,[0.95782931],0.005,0.1,1.9720208103160832,0.43549013159074,0
1.8760745525360107,0.6624016497373121,[0.96149502],0.005,0.1,2.059240198986894,0.2947119067321422,0
1.889345407485962,0.6678728138059389,[0.96529611],0.005,0.1,1.8767528904729787,0.48025825949435774,0
1.8986124992370605,0.6717807881406723,[0.96924206],0.005,0.1,1.619571579397667,0.3192118343746297,0
1.9094908237457275,0.6758841611921423,[0.97332263],0.005,0.1,1.091730029970373,0.3023440388749393,0
1.9178705215454102,0.6792059393766657,[0.97751114],0.005,0.1,0.5639250178253316,0.2164782012976797,0
1.9298551082611084,0.6840909072950825,[0.98179103],0.005,0.1,0.12964762277883635,0.3052401087882284,0
1.9393916130065918,0.6883896790632892,[0.98616211],0.005,0.1,0.08248141370218737,0.29059996349510714,0
1.9503042697906494,0.692688450831496,[0.99062248],0.005,0.1,-0.10810155041064692,0.2785239741622056,0
1.960862159729004,0.6967918238829661,[0.99516108],0.005,0.1,-0.30735672785881657,0.2689401519359259,0
1.9723625183105469,0.7016767918013829,[0.99977412],0.005,0.1,-0.4678575935514663,0.33704853120805417,0
1.9808504581451416,0.7048031712691696,[1.00446375],0.005,0.1,-0.5797701152546377,0.304099974776526,0
1.9889788627624512,0.708124949453693,[1.00921521],0.005,0.1,-0.6478165696865287,0.21206907822132331,0
1.998300313949585,0.712228322505163,[1.01399982],0.005,0.1,-0.6810355252788234,0.21332185044246116,0
2.0085842609405518,0.7167224929901064,[1.01879904],0.005,0.1,-0.688555998378886,0.2122712035072664,0
2.0159924030303955,0.7198488724578932,[1.02360306],0.005,0.1,-0.6781099982468441,0.21069528523704786,0
2.0238990783691406,0.7229752519256799,[1.02839599],0.005,0.1,-0.6557262137802009,0.15545714491520812,0
2.031895875930786,0.7261016313934666,[1.03315066],0.005,0.1,-0.6258826672411126,0.12219575016661886,0
2.040864944458008,0.7296188082947267,[1.03784415],0.005,0.1,-0.5917967591501971,0.1421066552744922,0
2.050872325897217,0.7337221813461967,[1.04247051],0.005,0.1,-0.5557195720671413,0.1561759987640298,0
2.0608739852905273,0.7376301556809302,[1.04703149],0.005,0.1,-0.5191872238295415,0.1655763774799509,0
2.071892499923706,0.741928927449137,[1.05152885],0.005,0.1,-0.7592575728580341,0.1714707919916643,0
2.0817856788635254,0.7460323005006069,[1.05597076],0.005,0.1,-0.7576311735379188,0.22941237818319332,0
2.0908825397491455,0.7501356735520771,[1.0603647],0.005,0.1,-0.6693958630378221,0.16441140118389277,0
2.102485179901123,0.7548252427537571,[1.06471152],0.005,0.1,-0.5620044417763057,0.22430504981735555,0
2.1129512786865234,0.7589286158052272,[1.06901931],0.005,0.1,-0.46210506958805486,0.2152357544357638,0
2.1228673458099365,0.7628365901399606,[1.07329594],0.005,0.1,-0.3780537570820963,0.20981538468163813,0
2.131876230239868,0.766744564474694,[1.0775361],0.005,0.1,-0.3105386240850129,0.15458205381340479,0
2.142184257507324,0.7710433362429008,[1.08173619],0.005,0.1,-0.2574495526700996,0.2227790845413703,0
2.1508948802948,0.774560513144161,[1.08590057],0.005,0.1,-0.21600320202154072,0.16346921334779788,0
2.16188383102417,0.7794454810625776,[1.09002697],0.005,0.1,-0.4596269353373955,0.1746292779427154,0
2.172132968902588,0.783353455397311,[1.09411424],0.005,0.1,-0.46720084345700735,0.18422199915246587,0
2.1828577518463135,0.7878476258822544,[1.09816873],0.005,0.1,-0.39172125519928175,0.19129953426250873,0
2.1929209232330322,0.7915602015002512,[1.10219656],0.005,0.1,-0.2991389078145501,0.19781877560851852,0
2.2052841186523438,0.7966405681354046,[1.10621055],0.005,0.1,-0.21505045110023358,0.26704286786055526,0
2.2153470516204834,0.8009393399036113,[1.11022907],0.005,0.1,-0.14709322854438137,0.2522851964916267,0
2.2246885299682617,0.8046519155216081,[1.11426093],0.005,0.1,-0.0954770169305807,0.24107320427142215,0
2.233948230743408,0.8083644911396048,[1.11829949],0.005,0.1,-0.05778396684359244,0.1741601727429542,0
2.242856740951538,0.8118816680408648,[1.12233168],0.005,0.1,-0.0310424466826491,0.182735025857338,0
2.25083589553833,0.8152034462253882,[1.12635229],0.005,0.1,-0.012535698628329654,0.18667389918003552,0
2.2604167461395264,0.8191114205601217,[1.13036234],0.005,0.1,-4.640093905718557e-05,0.18520464736270673,0
2.2707746028900146,0.8234101923283283,[1.13436667],0.005,0.1,0.008132867982960403,0.2288407969607553,0
2.2798678874969482,0.8273181666630619,[1.13836732],0.005,0.1,0.013272652130949702,0.15883256513902913,0
2.2884790897369385,0.8308353435643218,[1.1423526],0.005,0.1,0.016297891368009215,0.15366425138216203,0
2.3009097576141357,0.8361111089162119,[1.14631107],0.005,0.1,0.017871876992311887,0.1475269314600224,0
2.3098599910736084,0.839628285817472,[1.15023814],0.005,0.1,0.018465039160708338,0.14406107839965263,0
2.3198583126068115,0.8437316588689421,[1.1541303],0.005,0.1,0.018408094894442447,0.14321452529828071,0
2.329066753387451,0.8472488357702022,[1.15798593],0.005,0.1,0.017931738628082484,0.14569523300563988,0
2.33840012550354,0.8509614113881988,[1.16180563],0.005,0.1,-0.25884270115387287,0.1504369069855397,0
2.347454786300659,0.854478588289459,[1.16559193],0.005,0.1,-0.2928535081768654,0.1568813956564472,0
2.355179786682129,0.857409569040509,[1.1693428],0.005,0.1,-0.23871813001894754,0.1215371678973906,0
2.364029884338379,0.861512942091979,[1.17305207],0.005,0.1,-0.16362078452252374,0.1390538443931404,0
2.374859094619751,0.8660071125769225,[1.17672252],0.005,0.1,-0.09407873177316778,0.15530239251952319,0
2.3849542140960693,0.8703058843451292,[1.18036471],0.005,0.1,-0.038409528529444084,0.1704821101081624,0
2.392862319946289,0.8734322638129159,[1.18398951],0.005,0.1,0.00267638289947535,0.1855861991333212,0
2.403489351272583,0.8777310355811228,[1.18760792],0.005,0.1,0.30726639427635577,0.19879882272141988,0
2.4108424186706543,0.8806620163321728,[1.19122347],0.005,0.1,0.3591070672649562,0.15341621246561157,0
2.420868158340454,0.8847653893836429,[1.19483307],0.005,0.1,0.3154034406175437,0.1783092833497328,0
2.4288699626922607,0.8880871675681662,[1.19844237],0.005,0.1,-0.03058496241578021,0.20079247924253454,0
2.4368386268615723,0.8914089457526896,[1.20205677],0.005,0.1,0.14427247203731947,0.15702336868822542,0
2.446474552154541,0.8953169200874231,[1.20568178],0.005,0.1,0.17584972427181103,0.25670690323197043,0
2.455853223800659,0.8990294957054198,[1.20933024],0.005,0.1,0.15318088321608567,0.192401880582976,0
2.4643051624298096,0.9019604764564698,[1.21300558],0.005,0.1,0.11551370932294852,0.21780411669589153,0
2.4760143756866455,0.90665004565815,[1.21671109],0.005,0.1,0.0787876707839988,0.23751440489597014,0
2.4867725372314453,0.9117304122933033,[1.22046555],0.005,0.1,0.048397173102036596,0.33840413141212194,0
2.4969117641448975,0.9158337853447734,[1.2242928],0.005,0.1,0.3012785077371225,0.3261905771029878,0
2.5066051483154297,0.9201325571129801,[1.22820444],0.005,0.1,0.31767221702602305,0.3173086815573823,0
2.5158443450927734,0.9234543352975034,[1.23219333],0.005,0.1,-0.025048320094427978,0.23039560155365443,0
2.528872013092041,0.929120898082867,[1.23625247],0.005,0.1,0.13409055669277814,0.3329632085806535,0
2.5388548374176025,0.9332242711343369,[1.24039118],0.005,0.1,0.14694433180960767,0.32247481353417623,0
2.5484378337860107,0.9369368467523338,[1.24461617],0.005,0.1,0.10848875493472629,0.3144758223623438,0
2.555875778198242,0.9400632262201205,[1.24891571],0.005,0.1,0.059516261265451426,0.2282807880035305,0
2.566005229949951,0.9443619979883273,[1.25327069],0.005,0.1,0.01574789905044209,0.24580701274550074,0
2.574978828430176,0.9482699723230607,[1.25767202],0.005,0.1,-0.018217718804114106,0.2592911001571677,0
2.5849077701568604,0.9517871492243207,[1.26211926],0.005,0.1,-0.042354772956599195,0.2693326697212343,0
2.5948245525360107,0.9554997248423175,[1.26661132],0.005,0.1,-0.33427109171125907,0.27672091140935384,0
2.603813409805298,0.9592123004603142,[1.27114665],0.005,0.1,-0.37689862032513244,0.2821152600758095,0
2.613340139389038,0.9631202747950476,[1.27572332],0.005,0.1,-0.32663314463320836,0.2857987212950829,0
2.6238372325897217,0.9672236478465177,[1.28033906],0.005,0.1,0.023951395478025245,0.28773822777210667,0
2.6332805156707764,0.971131622181251,[1.28499126],0.005,0.1,0.12830183528675268,0.28899572113021094,0
2.6411497592926025,0.9744534003657744,[1.28967704],0.005,0.1,-0.1440396704677825,0.29044841294524826,0
2.648848533630371,0.9777751785502978,[1.29438553],0.005,0.1,-0.20816426087600007,0.21454901358001421,0
2.656816244125366,0.9810969567348212,[1.2990914],0.005,0.1,0.08547699844410304,0.16867736591513532,0
2.6654841899871826,0.9846141336360814,[1.30377321],0.005,0.1,0.16146293844584683,0.20113335196945506,0
2.6739277839660645,0.9881313105373414,[1.3084286],0.005,0.1,0.15098898176539743,0.22654225576506606,0
2.6832125186920166,0.9916484874386016,[1.31306355],0.005,0.1,0.11285312234146234,0.2450843052265066,0
2.6908440589904785,0.9945794681896515,[1.31768312],0.005,0.1,0.07170170605647842,0.25891449515264087,0
2.6998348236083984,0.9982920438076482,[1.32228391],0.005,0.1,0.036537629083755935,0.19604469909980574,0
2.7083241939544678,1.0022000181423816,[1.32685549],0.005,0.1,0.2855825581240703,0.22165572164824768,0
2.7183597087860107,1.006107992477115,[1.33139722],0.005,0.1,0.2993589002067375,0.24225594019924518,0
2.7294299602508545,1.0106021629620585,[1.33592467],0.005,0.1,0.2311689454908448,0.3432185228202136,0
2.738922595977783,1.014510137296792,[1.34045143],0.005,0.1,0.1467679072559018,0.2473575246675459,0
2.7468254566192627,1.0178319154813154,[1.34496583],0.005,0.1,0.07142188250550308,0.1903080056906287,0
2.75856351852417,1.022716883399732,[1.34945843],0.005,0.1,0.012450254209520603,0.2998372650770645,0
2.767951250076294,1.0266248577344654,[1.35394536],0.005,0.1,-0.03019361210229416,0.30377827490154435,0
2.7758195400238037,1.0299466359189888,[1.35843269],0.005,0.1,-0.0591152811108477,0.22592559046023986,0
2.785865068435669,1.034050008970459,[1.36291801],0.005,0.1,-0.077413902102726,0.3375992238507714,0
2.79388165473938,1.0371763884382457,[1.36740755],0.005,0.1,-0.08788619681955523,0.24792925047457562,0
2.802932024002075,1.0408889640562422,[1.37189881],0.005,0.1,-0.09279404411784972,0.2698061055705371,0
2.8118362426757812,1.0442107422407658,[1.37639011],0.005,0.1,-0.0938641198312492,0.2888578586712511,0
2.820876359939575,1.0479233178587624,[1.38088035],0.005,0.1,-0.09236874927073163,0.22050595954366176,0
2.8298158645629883,1.0512450960432858,[1.38536098],0.005,0.1,-0.08922300042534236,0.25508957863450543,0
2.8395681381225586,1.0551530703780192,[1.38983386],0.005,0.1,-0.08507284604767752,0.2845524739348337,0
2.8488519191741943,1.0586702472792793,[1.39430984],0.005,0.1,-0.3564052879465639,0.31023819974296946,0
2.856827974319458,1.0619920254638027,[1.39879038],0.005,0.1,-0.38457473875165615,0.2388972628656322,0
2.8688571453094482,1.067267790815693,[1.40327774],0.005,0.1,-0.04844025422779294,0.38204424238175533,0
2.878737211227417,1.0713711638671628,[1.40779239],0.005,0.1,0.06567746878448033,0.39142298750205334,0
2.891535520553589,1.0762561317855797,[1.41236165],0.005,0.1,0.08583529759224935,0.5311168821103954,0
2.899489402770996,1.0797733086868397,[1.41700029],0.005,0.1,0.07087802942156822,0.3768806454527763,0
2.9068245887756348,1.082508890721153,[1.42170247],0.005,0.1,0.04660504462322339,0.39846279175542143,0
2.91582989692688,1.0864168650558865,[1.42645381],0.005,0.1,0.023385005646997636,0.3005537075602234,0
2.9248368740081787,1.0901294406738833,[1.43124199],0.005,0.1,0.004635202563139897,0.34542785173657325,0
2.9328463077545166,1.0934512188584067,[1.43606607],0.005,0.1,-0.009168344408146746,0.3829183268496037,0
2.9408254623413086,1.0965775983261934,[1.44092509],0.005,0.1,-0.018646502853699946,0.294977506996169,0
2.949425220489502,1.1000947752274535,[1.44580848],0.005,0.1,-0.02470727805514747,0.3464947072620076,0
2.9586381912231445,1.1038073508454502,[1.45071691],0.005,0.1,-0.02821962122702946,0.38821185633622635,0
2.9689393043518066,1.1079107238969204,[1.45566054],0.005,0.1,-0.029905388627982837,0.4197894441549843,0
2.9768171310424805,1.1112325020814438,[1.46063798],0.005,0.1,-0.030323838161060143,0.3199728821672842,0
2.9858407974243164,1.1149450776994405,[1.46563803],0.005,0.1,-0.029890819871400708,0.37025540086828373,0
2.99655818939209,1.1198300456178572,[1.47067057],0.005,0.1,-0.028907212579345205,0.5513263233093503,0
3.0059306621551514,1.123542621235854,[1.47575329],0.005,0.1,-0.027586314463183156,0.3995995915818749,0
3.013786554336548,1.1262782032701673,[1.48088087],0.005,0.1,-0.02607674357006813,0.4313087117660703,0
3.024805784225464,1.1307723737551107,[1.48604796],0.005,0.1,-0.024480317589628618,0.4528383095525235,0
3.0340707302093506,1.1346803480898442,[1.49125885],0.005,0.1,-0.022865481396385133,0.46709128445442505,0
3.0442776679992676,1.1389791198580508,[1.49651593],0.005,0.1,-0.021277150214458536,0.47432952463548034,0
3.053818941116333,1.1424962967593109,[1.50181986],0.005,0.1,-0.2957821704469715,0.4780668623098073,0
3.0654289722442627,1.1473812646777275,[1.50717882],0.005,0.1,-0.32744555026663325,0.6218476335857421,0
3.074345111846924,1.1510938402957245,[1.51259813],0.005,0.1,-0.27096853310441815,0.4351282909808153,0
3.0848426818847656,1.155001814630458,[1.51806222],0.005,0.1,0.08244904070109979,0.4400356250929662,0
3.093900203704834,1.1587143902484545,[1.5235564],0.005,0.1,0.18730438655558657,0.4426273095775872,0
3.1041805744171143,1.1630131620166613,[1.52908488],0.005,0.1,0.18995252665886175,0.5751774770198386,0
3.111832618713379,1.1659441427677113,[1.53464121],0.005,0.1,0.15690736957067158,0.5813396144489573,0
3.1219890117645264,1.1702429145359179,[1.54020125],0.005,0.1,0.11676466219877425,0.6781825229425744,0
3.1338062286376953,1.1753232811710714,[1.54576097],0.005,0.1,-0.195475877588958,0.5926134380342817,0
3.144824266433716,1.179817451656015,[1.55132497],0.005,0.1,-0.2576221466451626,0.5337748610593638,0
3.1535754203796387,1.1835300272740117,[1.55688777],0.005,0.1,-0.2243388036453146,0.4939263728750673,0
3.165191411972046,1.1880241977589552,[1.56244413],0.005,0.1,-0.16395889508972167,0.46452035667192687,0
3.174903631210327,1.192127570810425,[1.56798914],0.005,0.1,-0.10435856830960485,0.443426038219286,0
3.1869821548461914,1.1968171400121053,[1.57352617],0.005,0.1,-0.05508102612975824,0.54723799395059,0
3.1947925090789795,1.199943519479892,[1.57905747],0.005,0.1,-0.2938675409704554,0.3829038061325996,0
3.2053723335266113,1.2044376899648352,[1.58456813],0.005,0.1,-0.024438114503063657,0.3785682877338518,0
3.2138187885284424,1.2079548668660955,[1.5900449],0.005,0.1,0.08170015173219523,0.37531797046288695,0
3.2222912311553955,1.211276645050619,[1.59548413],0.005,0.1,0.11411199196710187,0.3716857035120034,0
3.2325220108032227,1.2153800181020888,[1.60088256],0.005,0.1,0.11525632948166097,0.36727422072749816,0
3.2407946586608887,1.2183109988531389,[1.60622987],0.005,0.1,0.104732031038762,0.2757256197701388,0
3.2492599487304688,1.2222189731878725,[1.61151017],0.005,0.1,0.09119326414928378,0.298428409503607,0
3.25982928276062,1.2265177449560791,[1.61671845],0.005,0.1,0.07816188495917653,0.3160852400216867,0
3.26983380317688,1.230816516724286,[1.62185904],0.005,0.1,-0.20920645564382942,0.329886349532753,0
3.2783985137939453,1.2345290923422825,[1.62693657],0.005,0.1,-0.2517624759607852,0.34044594504326425,0
3.288360595703125,1.2386324653937526,[1.63195582],0.005,0.1,-0.20438213557393178,0.3481867814444769,0
3.2988040447235107,1.2427358384452227,[1.63692159],0.005,0.1,-0.13459196608694035,0.3537005629189833,0
3.3087925910949707,1.2466438127799562,[1.64183857],0.005,0.1,-0.06923086023927606,0.3572364650698134,0
3.3187479972839355,1.2505517871146896,[1.64671108],0.005,0.1,-0.016883752671686653,0.3588278286136214,0
3.3285558223724365,1.2546551601661597,[1.65154302],0.005,0.1,0.021529502043990206,0.358778996100231,0
3.3368046283721924,1.2581723370674196,[1.65633044],0.005,0.1,0.0478991837208082,0.2715666348394532,0
3.345867872238159,1.2616895139686797,[1.66107037],0.005,0.1,0.06480580515592836,0.38823749711610933,0
3.3547887802124023,1.2652066908699398,[1.66576836],0.005,0.1,0.07467539345863125,0.2904556141193021,0
3.365807056427002,1.2697008613548835,[1.67042988],0.005,0.1,0.07950773059364863,0.40727571111195515,0
3.3758175373077393,1.2738042344063532,[1.67506034],0.005,0.1,0.08084583602996745,0.3023723713600675,0
3.3858273029327393,1.2779076074578233,[1.67965747],0.005,0.1,0.07983440879398854,0.3223209175961793,0
3.3969738483428955,1.2824017779427668,[1.6842278],0.005,0.1,0.07730059030685792,0.44188180865149,0
3.404794931411743,1.2857235561272902,[1.6887851],0.005,0.1,0.07383038026574895,0.32517918358937137,0
3.4148404598236084,1.2898269291787603,[1.69332613],0.005,0.1,0.06983202748880735,0.341964855740463,0
3.4236886501312256,1.2939303022302302,[1.6978485],0.005,0.1,0.06558531544880417,0.3553112228816312,0
3.433830499649048,1.2978382765649636,[1.70235814],0.005,0.1,0.33731684290690656,0.3644913024251669,0
3.4447803497314453,1.3019416496164338,[1.70686007],0.005,0.1,0.3661982114727802,0.37010497209994225,0
3.454810380935669,1.306045022667904,[1.71135831],0.005,0.1,0.3069999903102467,0.37230555771279317,0
3.4635536670684814,1.3097575982859004,[1.71585581],0.005,0.1,0.22700380339224469,0.3726281390682625,0
3.4727845191955566,1.313665572620634,[1.72035445],0.005,0.1,0.15278590137474846,0.3703748121761574,0
3.4809417724609375,1.3169873508051573,[1.72484777],0.005,0.1,0.0926965776620358,0.279599231387823,0
3.489777088165283,1.3203091289896807,[1.72932234],0.005,0.1,0.0474612687369244,0.300174796302402,0
3.498816967010498,1.3240217046076777,[1.73377364],0.005,0.1,0.015034126044278708,0.3129512984677261,0
3.508795738220215,1.327929678942411,[1.73820456],0.005,0.1,-0.007288039522368367,0.31909462277827966,0
3.516753911972046,1.3312514571269343,[1.74260997],0.005,0.1,-0.022027734522492598,0.24593202749822105,0
3.526860475540161,1.335159431461668,[1.74698478],0.005,0.1,-0.031260999135919565,0.34309069002995984,0
3.539318323135376,1.3402397980968213,[1.75133773],0.005,0.1,-0.03659174089871111,0.3307199105327241,0
3.548790454864502,1.3441477724315547,[1.75567553],0.005,0.1,-0.039213928477829875,0.3197999015295165,0
3.559434413909912,1.348641942916498,[1.75999629],0.005,0.1,-0.03999517882802613,0.3090872655915495,0
3.568796396255493,1.3523545185344947,[1.76429772],0.005,0.1,-0.039555267678075726,0.29962376278557057,0
3.578772783279419,1.3562624928692282,[1.76857714],0.005,0.1,-0.038331062431361834,0.29011855661545133,0
3.5887367725372314,1.3603658659206983,[1.77283157],0.005,0.1,-0.036626940733265945,0.2807330753226708,0
3.598451614379883,1.3642738402554317,[1.7770578],0.005,0.1,-0.034652545771620843,0.2719113584060251,0
3.605788469314575,1.3674002197232182,[1.78125256],0.005,0.1,-0.03255042731255934,0.26443619530192475,0
3.6142313480377197,1.3707219979077419,[1.78540698],0.005,0.1,-0.03041597926681402,0.20369788010979514,0
3.624495506286621,1.3750207696759482,[1.78950778],0.005,0.1,-0.30435003415035283,0.21284786272694403,0
3.633774757385254,1.3787333452939452,[1.79354967],0.005,0.1,-0.05940175678205159,0.21948809111355796,0
3.644808769226074,1.3832275157788887,[1.79753419],0.005,0.1,0.03076092027406304,0.22187112344518067,0
3.6534762382507324,1.3867446926801488,[1.8014629],0.005,0.1,0.05358259434563978,0.2239800982693478,0
3.662766456604004,1.3902618695814086,[1.80533759],0.005,0.1,0.04974135625053465,0.22510801736784564,0
3.6747655868530273,1.394951438783089,[1.80916033],0.005,0.1,0.03744759940080819,0.22496343604287997,0
3.6847729682922363,1.3992502105512956,[1.81293357],0.005,0.1,0.30035693379938844,0.22503152777288107,0
3.693124294281006,1.4027673874525557,[1.81666009],0.005,0.1,0.3222862471599408,0.22596820736505738,0
3.7024145126342773,1.4066753617872891,[1.82034303],0.005,0.1,0.25858598924181053,0.22677552326923286,0
3.7133264541625977,1.4111695322722326,[1.82398576],0.005,0.1,0.17631302650553757,0.22726627564473237,0
3.7212259769439697,1.414491310456756,[1.8275919],0.005,0.1,0.10157575941955463,0.22895109154105212,0
3.7308104038238525,1.4182038860747526,[1.83116522],0.005,0.1,0.04224615796629071,0.23049053328748517,0
3.739320993423462,1.421525664259276,[1.8347039],0.005,0.1,-0.0013565047726399257,0.1825687863040351,0
3.7468819618225098,1.4246520437270627,[1.8381957],0.005,0.1,-0.031594309267966594,0.15415518618726065,0
3.7547779083251953,1.4281692206283225,[1.84163108],0.005,0.1,-0.05140431484354185,0.176087747492256,0
3.7648088932037354,1.4322725936797929,[1.84501426],0.005,0.1,-0.063475816329422,0.19364463726835537,0
3.773406505584717,1.435789770581053,[1.84835544],0.005,0.1,-0.07000022442013668,0.20763538317805874,0
3.7838592529296875,1.4396977449157864,[1.8516641],0.005,0.1,-0.07265882820736733,0.2182220006909235,0
3.793250560760498,1.4432149218170465,[1.85494897],0.005,0.1,-0.3487339620295169,0.226666625688254,0
3.802572011947632,1.4473182948685164,[1.85821794],0.005,0.1,-0.38017177587362805,0.23265755977346367,0
3.8117594718933105,1.4508354717697765,[1.86147815],0.005,0.1,-0.32230112674391287,0.23763946852134163,0
3.821882963180542,1.4551342435379833,[1.86473591],0.005,0.1,-0.2428009623503612,0.2407225867143783,0
3.830822229385376,1.4584560217225064,[1.8679908],0.005,0.1,-0.1685275137284613,0.18985167909031112,0
3.8407669067382812,1.4627547934907135,[1.87123666],0.005,0.1,-0.10802669265848268,0.2053373126648324,0
3.851228952407837,1.46705356525892,[1.87448022],0.005,0.1,-0.06215949335154025,0.2762138739160927,0
3.8597662448883057,1.4705707421601801,[1.87773309],0.005,0.1,-0.02897317420039943,0.2099915903358713,0
3.8698980808258057,1.474283317778177,[1.88099307],0.005,0.1,-0.0058278210078319004,0.21954928795563103,0
3.8785765171051025,1.4779958933961739,[1.8842581],0.005,0.1,0.00975665789167441,0.22655312188752913,0
3.8886826038360596,1.4820992664476438,[1.88753214],0.005,0.1,0.01982840438322205,0.23070888007805512,0
3.8976387977600098,1.4856164433489039,[1.89081829],0.005,0.1,0.02597347835333433,0.23369551598018246,0
3.907381057739258,1.4903060125505836,[1.89411887],0.005,0.1,0.30541327765570614,0.2342068100455686,0
3.918975830078125,1.494409385602054,[1.89743552],0.005,0.1,0.3400570976371433,0.23428290289763054,0
3.9316725730895996,1.4996851509539442,[1.90077507],0.005,0.1,0.2852136013089841,0.29334540037209056,0
3.942462921142578,1.503788524005414,[1.90414858],0.005,0.1,0.2085528902158906,0.2737569442597106,0
3.951672077178955,1.5076964983401473,[1.90755905],0.005,0.1,0.13692993639351866,0.25970171168604733,0
3.9609534740448,1.5114090739581443,[1.9109969],0.005,0.1,0.07889434240179095,0.1963670855725669,0
3.9722068309783936,1.5164894405932978,[1.91445344],0.005,0.1,0.03531390902525065,0.2578340802199144,0
3.9807496070861816,1.5200066174945577,[1.91792667],0.005,0.1,0.004244552800007063,0.19475257051663433,0
3.9892032146453857,1.5233283956790813,[1.92140869],0.005,0.1,-0.01694399353337607,0.2017453142368693,0
3.99873948097229,1.5272363700138143,[1.92489235],0.005,0.1,-0.030721767355753563,0.20572845793477587,0
4.011650800704956,1.5323167366489678,[1.92838218],0.005,0.1,-0.31516519387382624,0.25848869770530175,0
4.020836353302002,1.5362247109837017,[1.93188669],0.005,0.1,-0.3528983675162999,0.24070544750946285,0
4.030049562454224,1.5393510904514882,[1.93540129],0.005,0.1,-0.29978675633053176,0.18125613577867628,0
4.038744688034058,1.5430636660694848,[1.93891057],0.005,0.1,-0.2239168894794426,0.18418069037945406,0
4.050887584686279,1.5479486339879014,[1.94241122],0.005,0.1,-0.1524471363320271,0.2286634555772419,0
4.060068845748901,1.5520520070393715,[1.94590505],0.005,0.1,-0.09414410725925583,0.1712489152586707,0
4.069820165634155,1.5561553800908419,[1.9493829],0.005,0.1,-0.05002860957518214,0.17185351826328324,0
4.080285310745239,1.5600633544255753,[1.95284123],0.005,0.1,-0.018263098243374205,0.210818561655669,0
4.088872909545898,1.5635805313268354,[1.95628158],0.005,0.1,0.0037094275088611923,0.15909555122927796,0
4.098779916763306,1.5676839043783053,[1.9596953],0.005,0.1,0.01830931888151978,0.15908407831711976,0
4.1087541580200195,1.5719826761465123,[1.96307485],0.005,0.1,0.02754153079652795,0.15826405836011664,0
4.118683576583862,1.576086049197982,[1.96641863],0.005,0.1,0.03296073129272948,0.15730959245032844,0
4.12840461730957,1.5801894222494521,[1.96972551],0.005,0.1,0.03572696524228754,0.1562949986321602,0
4.136740684509277,1.5835112004339755,[1.9729904],0.005,0.1,-0.2393537237481502,0.12604666028083739,0
4.145776033401489,1.5870283773352356,[1.97620494],0.005,0.1,-0.2727251866534891,0.13392319645954523,0
4.154378652572632,1.5905455542364957,[1.97936736],0.005,0.1,-0.2186529985674867,0.14011429915597537,0
4.1627256870269775,1.5936719337042826,[1.9824815],0.005,0.1,-0.14407383461580953,0.14498616659815225,0
4.171737909317017,1.5973845093222792,[1.98554674],0.005,0.1,-0.0753325795708642,0.11913953340288888,0
4.180755615234375,1.6012924836570126,[1.98855865],0.005,0.1,-0.020627978697492368,0.12878779000667662,0
4.1887526512146,1.6044188631247993,[1.99151891],0.005,0.1,0.019410481110998832,0.13685500966925893,0
4.201670408248901,1.6096946284766893,[1.99443906],0.005,0.1,0.046886210359629754,0.17570901220884114,0
4.211735725402832,1.6136026028114228,[1.9973295],0.005,0.1,0.06453371728650353,0.13641430537246985,0
4.221898317337036,1.6179013745796298,[2.0001949],0.005,0.1,0.07488910570216742,0.17576471237336347,0
4.229791879653931,1.6210277540474165,[2.00303965],0.005,0.1,0.08003023888980634,0.13667322587837363,0
4.2418434619903564,1.6263035193993067,[2.00586784],0.005,0.1,0.08155520372176538,0.1752500373481098,0
4.249736070632935,1.6298206963005666,[2.0086832],0.005,0.1,0.08064735658039546,0.1355632707126799,0
4.259747266769409,1.6337286706352998,[2.01148438],0.005,0.1,0.07816086666151917,0.14049903693351548,0
4.270751476287842,1.6380274424035066,[2.01427056],0.005,0.1,0.07470055645295415,0.14425716344144024,0
4.279754877090454,1.6417400180215034,[2.01704623],0.005,0.1,0.07068772837328113,0.14769296282157793,0
4.289369344711304,1.6458433910729737,[2.01981559],0.005,0.1,0.06641117413379664,0.15008065065411555,0
4.29996395111084,1.649751365407707,[2.02258261],0.005,0.1,-0.2139730483918872,0.15244980968595945,0
4.309770584106445,1.6536593397424404,[2.025351],0.005,0.1,-0.2513849015664949,0.15453549639487685,0
4.318740606307983,1.6571765166437002,[2.02812421],0.005,0.1,-0.2004347808881225,0.15638667912722445,0
4.328795671463013,1.6616706871286435,[2.03090533],0.005,0.1,-0.12830741018725067,0.15716268463704533,0
4.337800741195679,1.6651878640299036,[2.03369704],0.005,0.1,-0.06152547649018585,0.15828835198541552,0
4.349781274795532,1.6702682306650571,[2.03650157],0.005,0.1,-0.008415035192833643,0.1577302186865674,0
4.35883641242981,1.6739808062830537,[2.03932059],0.005,0.1,0.030303182127681384,0.15767229956142476,0
4.368812561035156,1.6782795780512607,[2.04215527],0.005,0.1,0.056667003851175,0.15664601198457154,0
4.378738880157471,1.6819921536692575,[2.04500613],0.005,0.1,0.07336358001876966,0.15531501888944954,0
4.390226602554321,1.6866817228709376,[2.04787783],0.005,0.1,0.08289459068521011,0.190260413950548,0
4.401476621627808,1.6913712920726174,[2.05077824],0.005,0.1,0.36335102182415907,0.17411188434351027,0
4.409733772277832,1.6946930702571408,[2.0537034],0.005,0.1,0.39736014449829576,0.1300019627906577,0
4.420495510101318,1.6987964433086111,[2.05663955],0.005,0.1,0.34078317880472736,0.13050070061713057,0
4.429845094680786,1.702509018926608,[2.0595789],0.005,0.1,0.2616977179928659,0.1299255537056491,0
4.439815521240234,1.706416993261341,[2.06251882],0.005,0.1,0.18725038669120003,0.12815164775405682,0
4.44890570640564,1.7103249675960746,[2.06545629],0.005,0.1,0.1261945213989159,0.12535297443615995,0
4.458149194717407,1.7142329419308078,[2.06838807],0.005,0.1,0.07953698831034971,0.1224778079859442,0
4.465717315673828,1.7173593213985947,[2.07130673],0.005,0.1,0.04542620561849741,0.09697617783339411,0
4.47761869430542,1.7224396880337483,[2.07420577],0.005,0.1,0.02129141079843025,0.12417882042406596,0
4.486795902252197,1.7261522636517448,[2.07708792],0.005,0.1,0.0046989981593061805,0.11972704229896558,0
4.494735479354858,1.7294740418362682,[2.07995135],0.005,0.1,-0.006368596994028956,0.09411862386068091,0
4.503973960876465,1.7333820161710016,[2.08278632],0.005,0.1,-0.013477934673908043,0.0974501644089928,0
4.512722969055176,1.7365083956387886,[2.08558887],0.005,0.1,-0.017800204072010398,0.09998484726813969,0
4.522389888763428,1.7408071674069951,[2.08835992],0.005,0.1,-0.020190203848900377,0.10077412358670104,0
4.530730724334717,1.7441289455915185,[2.09109648],0.005,0.1,-0.021261630404027364,0.08214252434448871,0
4.54073166847229,1.748232318642989,[2.09379614],0.005,0.1,-0.021449765771327615,0.1065853444603846,0
4.548708200454712,1.7511632993940385,[2.09646104],0.005,0.1,-0.02106033846718129,0.08526148998560407,0
4.556758403778076,1.7542896788618254,[2.09908559],0.005,0.1,-0.2963445627875673,0.07239625608869646,0
4.566495180130005,1.7580022544798222,[2.10166548],0.005,0.1,-0.32849720587817544,0.09734780149034822,0
4.577946901321411,1.7626918236815023,[2.10420933],0.005,0.1,-0.2723105111549914,0.09694547545961896,0
4.59099268913269,1.767381392883182,[2.10672873],0.005,0.1,-0.47112465519801455,0.11796801742168943,0
4.599562883377075,1.7707031710677057,[2.10922989],0.005,0.1,-0.432582526414556,0.0902943562519481,0
4.609878063201904,1.7750019428359125,[2.1117105],0.005,0.1,-0.595782051611489,0.09109539762084932,0
4.6197121143341064,1.7791053158873826,[2.1141689],0.005,0.1,-0.7857850949833233,0.09170419145557462,0
4.628718852996826,1.7828178915053792,[2.11660785],0.005,0.1,-0.6628505121483577,0.09206592037887341,0
4.638710975646973,1.786530467123376,[2.11902998],0.005,0.1,-0.45455337826771514,0.09222863198590903,0
4.648709297180176,1.7902430427413727,[2.1214378],0.005,0.1,-0.5289296775271548,0.09237725506299439,0
4.65745210647583,1.7931740234924227,[2.12382981],0.005,0.1,-0.3978098095893706,0.0746788850324519,0
4.666759252548218,1.7968865991104195,[2.12620116],0.005,0.1,-0.22065923300719756,0.07962790139896973,0
4.675741195678711,1.8004037760116798,[2.12855629],0.005,0.1,-0.05969746699610791,0.10478810866985498,0
4.684763431549072,1.8037255541962032,[2.13090348],0.005,0.1,-0.209853223605674,0.08205557921125944,0
4.692705392837524,1.8068519336639899,[2.13323804],0.005,0.1,-0.1531026303813387,0.06851422300309422,0
4.705714464187622,1.8117369015824063,[2.13555663],0.005,0.1,-0.31471193333718156,0.09608472993115799,0
4.7137367725372314,1.8146678823334566,[2.13786955],0.005,0.1,-0.2361124524227124,0.09781548485022096,0
4.723714590072632,1.8185758566681898,[2.14018587],0.005,0.1,-0.368304654725409,0.0985357882424813,0
4.731723308563232,1.8213114387025033,[2.14250493],0.005,0.1,-0.2627972450511262,0.07831910453206459,0
4.743074655532837,1.8258056091874466,[2.14482608],0.005,0.1,-0.3736817608963454,0.10547102521694099,0
4.750699281692505,1.8287365899384969,[2.14715287],0.005,0.1,-0.5286922376176639,0.08185746566708037,0
4.760714292526245,1.8324491655564934,[2.14948379],0.005,0.1,-0.38607661663379006,0.08532442089069446,0
4.768708944320679,1.835184747590807,[2.15181709],0.005,0.1,-0.446127800455015,0.08772926312701543,0
4.779603481292725,1.8390927219255402,[2.15415501],0.005,0.1,-0.2786360772132123,0.08813978556317213,0
4.788872480392456,1.8422191013933271,[2.15649885],0.005,0.1,-0.34239369206522163,0.08798423992645399,0
4.799225807189941,1.8459316770113239,[2.15884913],0.005,0.1,-0.1883525629780145,0.08689460143376539,0
4.808743000030518,1.8492534551958473,[2.16120571],0.005,0.1,0.008812177886763889,0.08547296979588866,0
4.81903338432312,1.8527706320971074,[2.16357169],0.005,0.1,-0.09374268483368477,0.1035429703437001,0
4.82672643661499,1.8553108154146838,[2.16594544],0.005,0.1,0.003841435904991662,0.10368657642598332,0
4.835272550582886,1.8584371948824707,[2.16831389],0.005,0.1,-0.12875513053251722,0.09565619114577849,0
4.844690799713135,1.8615635743502574,[2.17066954],0.005,0.1,-0.032693109372381915,0.08982817678567488,0
4.854388475418091,1.8652761499682542,[2.17301361],0.005,0.1,0.11913751028615421,0.08533725581838818,0
4.861770868301392,1.8680117320025675,[2.17534707],0.005,0.1,-0.017390208875999846,0.08244143503507224,0
4.872185468673706,1.871724307620564,[2.17767082],0.005,0.1,0.05541799568749167,0.07993350830250852,0
4.882816553115845,1.8752414845218242,[2.17998564],0.005,0.1,-0.09490456680336853,0.07808810840069452,0
4.8917236328125,1.8781724652728744,[2.1822923],0.005,0.1,-0.011336734932043277,0.07681043328283443,0
4.9017322063446045,1.8816896421741343,[2.18459142],0.005,0.1,-0.14423640299122528,0.07541176555421136,0
4.910146951675415,1.8848160216419212,[2.18687984],0.005,0.1,-0.043818472582170157,0.0597050951270286,0
4.920071363449097,1.8881377998264446,[2.18915119],0.005,0.1,-0.16286422025177794,0.062468988853377844,0
4.9318528175354,1.892045774161178,[2.19140708],0.005,0.1,-0.3280042095624817,0.07865929775129638,0
4.943691968917847,1.896149147212648,[2.19365568],0.005,0.1,-0.4726738961978376,0.07412055446928678,0
4.954468727111816,1.899666324113908,[2.19590316],0.005,0.1,-0.3015544584779142,0.08538367188769715,0
4.963547706604004,1.902206507431485,[2.19815064],0.005,0.1,-0.33368332205932727,0.06355820051026644,0
4.9727160930633545,1.9051374881825347,[2.20039185],0.005,0.1,-0.14511109503585312,0.061709361902429226,0
4.983685255050659,1.9086546650837948,[2.20262087],0.005,0.1,-0.47163722618913306,0.05972659099193215,0
4.995553255081177,1.9125626394185284,[2.20483844],0.005,0.1,-0.6202870573631207,0.06914030623637625,0
5.004356622695923,1.9154936201695782,[2.20704476],0.005,0.1,-0.6759738073324242,0.0528542695026543,0
5.01444149017334,1.9190107970708385,[2.20923366],0.005,0.1,-0.40699591729299,0.05188677082404992,0
5.024685859680176,1.9219417778218884,[2.21139986],0.005,0.1,-0.3557362209494428,0.05117664983371702,0
5.0374977588653564,1.9256543534398853,[2.21354469],0.005,0.1,-0.6560906503084232,0.06022448111209322,0
5.046680450439453,1.9281945367574618,[2.21566938],0.005,0.1,-0.7286860390831713,0.04725105685568005,0
5.056282043457031,1.9313209162252487,[2.21776928],0.005,0.1,-0.7054056604535095,0.04687783315384467,0
5.064469814300537,1.9336657008260885,[2.21984061],0.005,0.1,-0.6472116887337482,0.04741133868109623,0
5.072711706161499,1.9362058841436656,[2.22188071],0.005,0.1,-0.5810658544010486,0.039785601873584805,0
5.083377838134766,1.9391368648947156,[2.22388797],0.005,0.1,-0.5179544385773096,0.05049051929217403,0
5.091707706451416,1.9416770482122923,[2.22586714],0.005,0.1,-0.4615958212571204,0.049878157023571595,0
5.100792407989502,1.9440218328131322,[2.22781975],0.005,0.1,-0.41258059249073503,0.04107155609630141,0
5.109211444854736,1.9463666174139724,[2.22974169],0.005,0.1,-0.37029186119442703,0.042873259632303456,0
5.11744236946106,1.948320604581339,[2.23163256],0.005,0.1,-0.33376041869550277,0.04419854294623678,0
5.129241466522217,1.9518377814825991,[2.23349507],0.005,0.1,-0.5780570319183844,0.04450355922261935,0
5.139419794082642,1.9543779648001756,[2.23533156],0.005,0.1,-0.5833888785097142,0.04464626690300383,0
5.147683620452881,1.9563319519675424,[2.23714403],0.005,0.1,-0.5037603528511365,0.044565954149427794,0
5.158544540405273,1.959067534001856,[2.23893409],0.005,0.1,-0.4058588829690577,0.043989404001113626,0
5.168730974197388,1.961803116036169,[2.24070298],0.005,0.1,-0.5918428574076239,0.0432686531691686,0
5.177767515182495,1.9639525019202726,[2.24244914],0.005,0.1,-0.5507605158065632,0.036119699233849376,0
5.186663866043091,1.9661018878043761,[2.24416863],0.005,0.1,-0.4377593391553103,0.03724801277689138,0
5.199405908584595,1.9692282672721628,[2.24586301],0.005,0.1,-0.3178174091116964,0.04390077247215042,0
5.207689523696899,1.9711822544395294,[2.24753592],0.005,0.1,-0.4906540739533552,0.035916573711403374,0
5.216686010360718,1.9735270390403694,[2.24918547],0.005,0.1,-0.4430002714621124,0.03602087707644411,0
5.224684953689575,1.9756764249244727,[2.25080988],0.005,0.1,-0.3280867577054062,0.03587410577155738,0
5.2335045337677,1.9776304120918395,[2.25240993],0.005,0.1,-0.2094121434425485,0.03561126102793363,0
5.2427167892456055,1.9799751966926797,[2.25398625],0.005,0.1,-0.10956168580536421,0.035179317145405876,0
5.25479531288147,1.9825153800102562,[2.25554163],0.005,0.1,-0.30946781300168996,0.040075844439046236,0
5.266129016876221,1.9848601646110962,[2.25708062],0.005,0.1,-0.2881614229124583,0.0379285263249896,0
5.2742531299591064,1.9866187530617263,[2.25860288],0.005,0.1,-0.4722532389778793,0.03177159160792004,0
5.286664962768555,1.989158936379303,[2.26010398],0.005,0.1,-0.40580043382629905,0.031992645320439564,0
5.298855543136597,1.991503720980143,[2.26158466],0.005,0.1,-0.54246704809442,0.03712332588816618,0
5.3106629848480225,1.9936531068642462,[2.26304996],0.005,0.1,-0.436023494448912,0.03578588357178269,0
5.320765256881714,1.9958024927483498,[2.26450225],0.005,0.1,-0.2662904599945006,0.03472196067671172,0
5.329460382461548,1.99756108119898,[2.26594148],0.005,0.1,-0.10523200374599759,0.03399212245271184,0
5.339169263839722,1.999124270932873,[2.26736767],0.005,0.1,-0.25234344400077163,0.0334743532366537,0
5.349774360656738,2.0012736568169767,[2.26878081],0.005,0.1,-0.19166793627447973,0.032788865212677494,0
5.360168933868408,2.0034230427010797,[2.27018271],0.005,0.1,-0.07331336253097663,0.03664086111302229,0
5.367660284042358,2.0045954350015,[2.27157279],0.005,0.1,0.042006261809151076,0.036824449181303336,0
5.37925910949707,2.0065494221688667,[2.27294641],0.005,0.1,-0.14210453100361783,0.03921340772403485,0
5.390439748764038,2.0085034093362335,[2.27430325],0.005,0.1,-0.1099072534544973,0.03560731626923948,0
5.402881622314453,2.0102619977868637,[2.27564651],0.005,0.1,-0.012857372941645205,0.03731756541241998,0
5.413270711898804,2.0120205862374934,[2.27697854],0.005,0.1,0.08678985690332632,0.03396208412214735,0
5.422616243362427,2.013583775971387,[2.27829944],0.005,0.1,-0.1087393783988384,0.03176291156515679,0
5.431681394577026,2.0149515669885436,[2.2796075],0.005,0.1,-0.08482164855146779,0.03036677421052059,0
5.44368314743042,2.0165147567224366,[2.28090147],0.005,0.1,0.006231495185688829,0.029436970873471798,0
5.454134464263916,2.01807794645633,[2.28218052],0.005,0.1,0.10152736694301936,0.028833603963380423,0
5.46166205406189,2.01925033875675,[2.28344249],0.005,0.1,0.17886485308567118,0.025539342395681005,0
5.472665548324585,2.0210089272073803,[2.28468591],0.005,0.1,0.23357923845625597,0.029343686114759914,0
5.481201648712158,2.022376718224537,[2.28591345],0.005,0.1,0.2678103012962955,0.029057565850531764,0
5.490713834762573,2.023549110524957,[2.28712588],0.005,0.1,0.28572810872640486,0.025755015642416196,0
5.498662710189819,2.0249169015421136,[2.2883207],0.005,0.1,0.29155992719808327,0.02659433915937936,0
5.5112388134002686,2.026480091276007,[2.28949985],0.005,0.1,0.288893292589141,0.031031688226491792,0
5.524650812149048,2.028238679726637,[2.29066917],0.005,0.1,0.004491737474156654,0.030678304776280328,0
5.534677028656006,2.0294110720270573,[2.29183211],0.005,0.1,-0.0406077077429281,0.03061000365577744,0
5.543706655502319,2.030583464327477,[2.29299007],0.005,0.1,0.00040431351126568593,0.030676249570562225,0
5.552696466445923,2.031755856627897,[2.29414446],0.005,0.1,0.06134709116877601,0.030821990540890177,0
5.562805652618408,2.032928248928317,[2.29529666],0.005,0.1,0.1163922795392362,0.031022057385311774,0
5.570805549621582,2.0339052425120006,[2.29644602],0.005,0.1,0.1576831510144102,0.02728541624562557,0
5.578681230545044,2.0346868373789473,[2.29759004],0.005,0.1,0.18480766905681384,0.028588429346826424,0
5.589326858520508,2.035859229679367,[2.29872875],0.005,0.1,0.19999927083713417,0.02955147300697572,0
5.5992372035980225,2.036836223263051,[2.2998642],0.005,0.1,0.20606207799278448,0.030285050934228827,0
5.610727787017822,2.038008615563471,[2.30100014],0.005,0.1,0.4815990946624542,0.03525784714453678,0
5.61869478225708,2.038790210430417,[2.30213965],0.005,0.1,0.5097372248137746,0.02993627322075978,0
5.62906551361084,2.0399626027308373,[2.30328126],0.005,0.1,0.4467498220796907,0.030426219695108617,0
5.637663125991821,2.040744197597784,[2.30442364],0.005,0.1,0.6370649660897016,0.030856442881190257,0
5.646807670593262,2.0415257924647303,[2.30556752],0.005,0.1,0.5891005135176323,0.031184521132108668,0
5.657288074493408,2.0425027860484137,[2.30671343],0.005,0.1,0.46645407067261463,0.031360004067270526,0
5.665647506713867,2.043284380915361,[2.3078598],0.005,0.1,0.33746540225220034,0.02772967254454785,0
5.674626350402832,2.0440659757823076,[2.30900329],0.005,0.1,0.50293115904805,0.02889413803714031,0
5.683716535568237,2.044847570649254,[2.31014304],0.005,0.1,0.44969921338504326,0.02982967693761325,0
5.693085432052612,2.0456291655162007,[2.31128028],0.005,0.1,0.33076428664565294,0.030569239633987735,0
5.703661918640137,2.0464107603831474,[2.31241608],0.005,0.1,0.2093014646404121,0.031133751200838562,0
5.71292519569397,2.047192355250094,[2.31355135],0.005,0.1,0.1075909789648648,0.03156096902542664,0
5.7224647998809814,2.047973950117041,[2.31468682],0.005,0.1,0.030274646118271464,0.03189371111705058,0
5.7306389808654785,2.048560146267251,[2.31582117],0.005,0.1,0.2511783976487043,0.028350692702159692,0
5.740832805633545,2.049146342417461,[2.31695317],0.005,0.1,0.2470848031072737,0.03349450127147966,0
5.749765396118164,2.0499279372844073,[2.31808359],0.005,0.1,0.16835482845629415,0.029352650658181934,0
5.758472681045532,2.0503187347178806,[2.31921112],0.005,0.1,0.07853037665227937,0.030267049335415783,0
5.768340826034546,2.0511003295848274,[2.32033447],0.005,0.1,0.2772961442065744,0.030786380915904094,0
5.781255722045898,2.051881924451774,[2.32145602],0.005,0.1,0.25185655314977395,0.03497561957480824,0
5.7896339893341064,2.052468120601984,[2.32257755],0.005,0.1,0.4320724399618894,0.030228631004702022,0
5.798611402511597,2.053054316752194,[2.32369682],0.005,0.1,0.36304514319526204,0.030525364770438847,0
5.80771803855896,2.0536405129024042,[2.32481],0.005,0.1,0.49855854566228797,0.02761324263173881,0
5.819305419921875,2.0542267090526143,[2.32591543],0.005,0.1,0.39216544458717323,0.03170198258987953,0
5.82767653465271,2.0548129052028243,[2.32701472],0.005,0.1,0.49942551291938153,0.03100202641118507,0
5.836670160293579,2.0552037026362977,[2.32810886],0.005,0.1,0.37307102298392797,0.03074396121181552,0
5.846322536468506,2.0557898987865078,[2.32919537],0.005,0.1,0.46706150577690264,0.027807839224109183,0
5.857689142227173,2.056376094936718,[2.33027234],0.005,0.1,0.33250178030976146,0.03131770754038561,0
5.8656394481658936,2.0567668923701907,[2.33133971],0.005,0.1,0.14592521425790464,0.028275807611619023,0
5.876674175262451,2.0573530885204008,[2.3323974],0.005,0.1,0.2523360301952142,0.03153632939806952,0
5.885604381561279,2.057743885953874,[2.33344673],0.005,0.1,0.42984269574258877,0.03097869086414706,0
5.8946373462677,2.058134683387348,[2.33448721],0.005,0.1,0.3153194863828176,0.028088998827634562,0
5.9026570320129395,2.058525480820821,[2.33551541],0.005,0.1,0.12473823324470901,0.02852400604155976,0
5.913658857345581,2.0589162782542942,[2.33652982],0.005,0.1,0.22041822898596775,0.028790658322834083,0
5.921634912490845,2.059307075687768,[2.33752917],0.005,0.1,0.1114117692490098,0.026879451954767916,0
5.931635618209839,2.059697873121241,[2.338511],0.005,0.1,0.2319089166458028,0.027491779414832267,0
5.9430930614471436,2.0600886705547143,[2.33947583],0.005,0.1,0.12459050085583072,0.029979184112072003,0
5.953443765640259,2.0604794679881877,[2.34042661],0.005,0.1,-0.03718911329044947,0.029536840752805535,0
5.961658477783203,2.0606748667049244,[2.34136319],0.005,0.1,0.09071752241849086,0.027364481037489178,0
5.973110675811768,2.0610656641383978,[2.34228394],0.005,0.1,0.010473899848420794,0.029293177315657268,0
5.984660863876343,2.0612610628551344,[2.34318966],0.005,0.1,-0.12167350439735838,0.028836838526211744,0
5.994658708572388,2.061651860288608,[2.34408086],0.005,0.1,0.03207252219543037,0.028390379627526517,0
6.002636671066284,2.0618472590053445,[2.34495567],0.005,0.1,-0.02775874147943922,0.026754687337000035,0
6.013617515563965,2.062042657722081,[2.34581238],0.005,0.1,-0.14466084762449083,0.028253177805428218,0
6.024658918380737,2.0622380564388174,[2.34665245],0.005,0.1,0.02004592497278973,0.029296922374470413,0
6.033166408538818,2.0624334551555545,[2.34747714],0.005,0.1,-0.03214244104674077,0.027391563976316376,0
6.04178524017334,2.0626288538722912,[2.34828371],0.005,0.1,0.13216881681406917,0.026304029778117115,0
6.0512535572052,2.062824252589028,[2.3490699],0.005,0.1,0.0573494290903466,0.02760079953730475,0
6.061807155609131,2.062824252589028,[2.34983658],0.005,0.1,-0.0809425359931814,0.02754251446837631,0
6.072588682174683,2.0630196513057646,[2.35058455],0.005,0.1,0.063612472489914,0.027433357201320237,0
6.081680059432983,2.0630196513057646,[2.35131284],0.005,0.1,-0.005022954498894991,0.026576915848525368,0
6.093631744384766,2.0630196513057646,[2.35202072],0.005,0.1,-0.1292046951277892,0.02770517245325986,0
6.101712465286255,2.063215050022501,[2.35270853],0.005,0.1,0.02991099799090846,0.02679894222894023,0
6.111812353134155,2.0630196513057646,[2.35337662],0.005,0.1,-0.026380808570792003,0.027844518288420144,0
6.120632171630859,2.063215050022501,[2.35402538],0.005,0.1,-0.14102181708000747,0.027002216205746162,0
6.130988359451294,2.0630196513057646,[2.35465525],0.005,0.1,0.02506114448406961,0.02797916452668646,0
6.138715505599976,2.063215050022501,[2.35526606],0.005,0.1,-0.026357631697922594,0.02812400860771599,0
6.1499762535095215,2.0630196513057646,[2.35585709],0.005,0.1,-0.13772610837918758,0.02890583212392099,0
6.161809921264648,2.063215050022501,[2.35643002],0.005,0.1,0.030452694927449425,0.02937482632566351,0
6.169633865356445,2.063215050022501,[2.35698712],0.005,0.1,0.2563263174228032,0.028188191070345404,0
6.177640199661255,2.063215050022501,[2.3575277],0.005,0.1,0.4547857676137288,0.027548201627721564,0
6.186703205108643,2.063215050022501,[2.3580507],0.005,0.1,0.6012531295749892,0.027752766493367935,0
6.194667816162109,2.0630196513057646,[2.35855672],0.005,0.1,0.6959352027987591,0.027976099941386664,0
6.203574180603027,2.0630196513057646,[2.35904709],0.005,0.1,0.7476015967029545,0.028106311469666172,0
6.21462607383728,2.063215050022501,[2.35952303],0.005,0.1,0.7666291078640143,0.028147736087499577,0
6.2237772941589355,2.0630196513057646,[2.35998499],0.005,0.1,0.7623321223668156,0.02778911557492535,0
6.231632471084595,2.0630196513057646,[2.36043285],0.005,0.1,0.7421930907217246,0.028000724739218212,0
6.2416346073150635,2.0630196513057646,[2.36086772],0.005,0.1,0.7118730191409166,0.028619250638246215,0
6.253631114959717,2.0630196513057646,[2.3612917],0.005,0.1,0.6754929900714716,0.028568883710023397,0
6.262320518493652,2.0630196513057646,[2.36170544],0.005,0.1,0.6359679443330226,0.028131692546031383,0
6.270631790161133,2.0630196513057646,[2.36210836],0.005,0.1,0.5953083465854623,0.02824511718404644,0
6.2816619873046875,2.0630196513057646,[2.36250099],0.005,0.1,0.5548650465039793,0.028685198532833904,0
6.289712905883789,2.0630196513057646,[2.36288428],0.005,0.1,0.5155172407284077,0.02828596309763603,0
6.298027515411377,2.0630196513057646,[2.363258],0.005,0.1,0.477812060327957,0.02835420406696235,0
6.30766749382019,2.0630196513057646,[2.36362193],0.005,0.1,0.44206604485044526,0.028406224893430136,0
6.31765341758728,2.0630196513057646,[2.36397634],0.005,0.1,0.40843783088064267,0.02845119164352766,0
6.325653553009033,2.0630196513057646,[2.36432102],0.005,0.1,0.3769796556800161,0.02826010330375,0
6.333608627319336,2.0630196513057646,[2.36465537],0.005,0.1,0.34767353038302373,0.02836325045252191,0
6.343598365783691,2.0630196513057646,[2.3649793],0.005,0.1,0.32045644659683353,0.028439482501923453,0
6.351599216461182,2.0630196513057646,[2.36529277],0.005,0.1,0.2952378027373358,0.028338873578757733,0
6.3626227378845215,2.0630196513057646,[2.3655957],0.005,0.1,0.27191134523468957,0.02857963027087029,0
6.374650478363037,2.0630196513057646,[2.36588862],0.005,0.1,0.2503632625216364,0.02859166036345571,0
6.383141040802002,2.0630196513057646,[2.3661719],0.005,0.1,0.23047759305605248,0.02859237978987549,0
6.391621351242065,2.0630196513057646,[2.36644517],0.005,0.1,0.21213976673794172,0.028512037295971467,0
6.400661945343018,2.0630196513057646,[2.36670806],0.005,0.1,0.1952388557129032,0.028627945064077134,0
6.40951943397522,2.062824252589028,[2.36696044],0.005,0.1,0.17966893823843638,0.0286288833883167,0
6.419091463088989,2.062824252589028,[2.36720199],0.005,0.1,0.16532985774854125,0.028668218662476132,0
6.43062162399292,2.062824252589028,[2.3674326],0.005,0.1,0.1521275737677757,0.028750004446187295,0
6.43863844871521,2.062824252589028,[2.3676524],0.005,0.1,0.13997424133408198,0.028735604691706898,0
6.446607351303101,2.062824252589028,[2.36786109],0.005,0.1,0.12878811356493822,0.02874683356773686,0
6.455641984939575,2.0626288538722912,[2.36805837],0.005,0.1,0.11849333261113759,0.028856195919544757,0
6.464675426483154,2.062824252589028,[2.36824439],0.005,0.1,0.10901965372176606,0.028851464267975555,0
6.473752737045288,2.062824252589028,[2.36841952],0.005,0.1,0.1003021328414598,0.02889466323895226,0
6.484619855880737,2.0626288538722912,[2.36858413],0.005,0.1,0.09228079821323336,0.02898883133501176,0
6.496094226837158,2.0626288538722912,[2.36873876],0.005,0.1,0.08490031955898085,0.029052927983014967,0
6.50464940071106,2.0626288538722912,[2.36888398],0.005,0.1,0.07810968363794829,0.029063628860459,0
6.514113426208496,2.0626288538722912,[2.36902014],0.005,0.1,0.07186188169835325,0.02909846189469133,0
6.521901845932007,2.0626288538722912,[2.36914764],0.005,0.1,0.066113612088924,0.029132832424340647,0
6.532166957855225,2.0626288538722912,[2.36926699],0.005,0.1,0.06082499977053245,0.029165574862086575,0
6.540056467056274,2.0624334551555545,[2.36937865],0.005,0.1,0.05595933344310329,0.029235480712594422,0
6.550089597702026,2.0624334551555545,[2.36948305],0.005,0.1,0.05148282032565814,0.029282511513168755,0
6.559595584869385,2.0624334551555545,[2.36958076],0.005,0.1,0.047364358190234476,0.02929301975968435,0
6.5685365200042725,2.0624334551555545,[2.3696722],0.005,0.1,0.043575323978469464,0.029319805068023234,0
6.578652620315552,2.0624334551555545,[2.36975782],0.005,0.1,0.04008937817061633,0.02934598643350229,0
6.5885889530181885,2.0624334551555545,[2.36983816],0.005,0.1,0.03688228399426743,0.02936798251120412,0
6.598296165466309,2.0624334551555545,[2.36991371],0.005,0.1,0.033931740528838045,0.029389786245377008,0
6.608741998672485,2.0622380564388174,[2.36998495],0.005,0.1,0.031217228764410257,0.02946523795282254,0
6.619615077972412,2.0622380564388174,[2.37005232],0.005,0.1,0.02871986969777332,0.02948440750693655,0
6.629613637924194,2.0622380564388174,[2.37011626],0.005,0.1,0.02642229358611277,0.02950198898994319,0
6.642375230789185,2.0622380564388174,[2.37017722],0.005,0.1,0.024308519524136776,0.029530269178583774,0
6.651913642883301,2.062042657722081,[2.37023572],0.005,0.1,-0.253674515119036,0.029600193331826247,0
6.6595892906188965,2.062042657722081,[2.37029202],0.005,0.1,-0.2885882212270418,0.029602997756998782,0
6.668620586395264,2.062042657722081,[2.37034613],0.005,0.1,-0.23513694073147845,0.02961052204769345,0
6.681609392166138,2.0618472590053445,[2.37039815],0.005,0.1,-0.1605662345549449,0.029692801921378777,0
6.690751552581787,2.0618472590053445,[2.37044839],0.005,0.1,-0.09143671266802098,0.029704726217020944,0
6.6985979080200195,2.061651860288608,[2.37049708],0.005,0.1,-0.3121349804075317,0.02977400669235924,0
6.708608150482178,2.061456461571871,[2.37054432],0.005,0.1,-0.30444114609267614,0.029839938863467346,0
6.719275951385498,2.061456461571871,[2.37059011],0.005,0.1,-0.2210135896830247,0.02984864151064538,0
6.727601528167725,2.0612610628551344,[2.37063438],0.005,0.1,-0.40243720707916797,0.02991252473635204,0
6.737059831619263,2.060870265421661,[2.37067695],0.005,0.1,-0.3538048089718788,0.030032064463076436,0
6.7471020221710205,2.060870265421661,[2.37071752],0.005,0.1,-0.5121272314838872,0.030039476068793525,0
6.7546210289001465,2.0606748667049244,[2.37075578],0.005,0.1,-0.4248239595015405,0.030104325275182836,0
6.765962600708008,2.0604794679881877,[2.37079007],0.005,0.1,-0.5459573077333193,0.030320108143644737,0
6.776559591293335,2.0600886705547143,[2.37081157],0.005,0.1,-0.7046404238172093,0.03533494868853087,0
6.785594940185547,2.0598932718379777,[2.37080392],0.005,0.1,-0.5607707283290523,0.03932638134136081,0
6.795920372009277,2.0595024744045043,[2.37074658],0.005,0.1,-0.6161233805961794,0.05943275496584265,0
6.8086206912994385,2.059307075687768,[2.37060525],0.005,0.1,-0.44167678466391747,0.12240376731508111,0
6.818619728088379,2.0589162782542942,[2.37033486],0.005,0.1,-0.22107956262261544,0.15582990178323344,0
6.829597473144531,2.0587208795375576,[2.36989833],0.005,0.1,-0.3009207160892604,0.1910570705586002,0
6.838405132293701,2.058525480820821,[2.36926737],0.005,0.1,-0.18268379903905033,0.2268412804149642,0
6.847606897354126,2.058525480820821,[2.36841642],0.005,0.1,-0.020938551933483138,0.2630550843050339,0
6.858576536178589,2.058330082104084,[2.36732274],0.005,0.1,0.400374402801739,0.30128150580639207,0
6.866591215133667,2.058525480820821,[2.36597559],0.005,0.1,0.8204142051603889,0.2421264010357289,0
6.875596284866333,2.058525480820821,[2.36437487],0.005,0.1,1.1503915195437173,0.30174757328814356,0
6.886591911315918,2.0587208795375576,[2.36249965],0.005,0.1,1.6509066845103197,0.496800774570826,0
6.895565748214722,2.0587208795375576,[2.36032235],0.005,0.1,1.8153879161282738,0.3766588567575124,0
6.906574726104736,2.0591116769710314,[2.3578418],0.005,0.1,2.0946684918856935,0.4302273170187954,0
6.916737794876099,2.0595024744045043,[2.35504809],0.005,0.1,2.332715125159484,0.6227861076011207,0
6.925577640533447,2.0600886705547143,[2.35192609],0.005,0.1,2.4842629871296116,0.44569033317225626,0
6.937577962875366,2.0610656641383978,[2.34848093],0.005,0.1,2.82539135479876,0.5937916403187342,0
6.945617437362671,2.0618472590053445,[2.34472418],0.005,0.1,3.1288455591882713,0.4136036185558508,0
6.958399772644043,2.063410448739238,[2.34067362],0.005,0.1,4.153081316493517,0.5178030639736219,0
6.967570781707764,2.0647782397563947,[2.33635202],0.005,0.1,4.8889286044730245,0.3551759179576882,0
6.97558331489563,2.066146030773551,[2.33179394],0.005,0.1,5.0,0.3394327147777504,0
6.983568906784058,2.067513821790708,[2.32703461],0.005,0.1,5.0,0.32283198239659083,0
6.991596460342407,2.0690770115246013,[2.32210744],0.005,0.1,5.0,0.2317584207905591,0
6.999584674835205,2.0706402012584944,[2.31705164],0.005,0.1,5.0,0.24372439613395658,0
7.009777069091797,2.0723987897091245,[2.31189278],0.005,0.1,5.0,0.2555205983794346,0
7.019167184829712,2.0741573781597546,[2.30664312],0.005,0.1,4.602076918494767,0.2692020519791263,0
7.026569604873657,2.0755251691769114,[2.30132059],0.005,0.1,4.091120554455013,0.20468638023928534,0
7.0376574993133545,2.077283757627541,[2.29593709],0.005,0.1,3.039679016595878,0.3311029405528987,0
7.04857611656189,2.0790423460781713,[2.29047928],0.005,0.1,1.7014606370822984,0.3424555422387895,0
7.061355829238892,2.081191731962275,[2.28492091],0.005,0.1,0.5047440790185715,0.4726972079375911,0
7.07342267036438,2.0833411178463783,[2.27923513],0.005,0.1,-0.9771663948117567,0.4486777518986497,0
7.083884954452515,2.0854905037304814,[2.27340853],0.005,0.1,-1.9815819630747686,0.43301248872281667,0
7.093703746795654,2.0874444908978482,[2.26744064],0.005,0.1,-2.6176262302181867,0.41596824477415384,0
7.104590177536011,2.0897892754986884,[2.26133227],0.005,0.1,-2.706756653202601,0.3952810367519146,0
7.117578029632568,2.0929156549664754,[2.25507483],0.005,0.1,-2.01828823880496,0.47675208305679406,0
7.129556655883789,2.0956512370007885,[2.24865275],0.005,0.1,-1.1860225386401992,0.4096821889866461,0
7.1395838260650635,2.098191420318365,[2.24206915],0.005,0.1,-0.4513523250260483,0.3544060165659338,0
7.151610374450684,2.1009270023526785,[2.23533194],0.005,0.1,0.11772102923245176,0.3887843321403975,0
7.159587383270264,2.1028809895200453,[2.22845182],0.005,0.1,0.5239356051184852,0.2497462198879098,0
7.169577598571777,2.1056165715543584,[2.22146337],0.005,0.1,0.5182032980101721,0.2220263141115923,0
7.180898666381836,2.108352153588672,[2.21438753],0.005,0.1,0.6507331530308161,0.25419368122660563,0
7.189606666564941,2.1105015394727755,[2.20723259],0.005,0.1,0.5187555942879909,0.16336536489110734,0
7.198571443557739,2.1126509253568786,[2.20002783],0.005,0.1,0.04441895766435011,0.14881101853804884,0
7.207975149154663,2.114800311240982,[2.19280899],0.005,0.1,-0.7266047282490969,0.09904980085322097,0
7.218678951263428,2.117145095841822,[2.18559472],0.005,0.1,-1.4379478869713218,0.12829226382405948,0
7.229257345199585,2.1190990830091887,[2.17837749],0.005,0.1,-2.253701700815762,0.10927143559546011,0
7.238582372665405,2.120662272743082,[2.17114972],0.005,0.1,-3.4731148199266997,0.09112197221486491,0
7.250150680541992,2.1226162599104486,[2.16390311],0.005,0.1,-5.0,0.0926123141250635,0
7.25956916809082,2.1237886522108687,[2.15662933],0.005,0.1,-5.0,0.051420275756782985,0
7.2696051597595215,2.1249610445112888,[2.14934382],0.005,0.1,-5.0,0.035738849885991866,0
7.282707691192627,2.126133436811709,[2.14204644],0.005,0.1,-5.0,0.02145662543352221,0
7.291957855224609,2.126719632961919,[2.13471258],0.005,0.1,-5.0,-0.0003077094641080848,0
7.300541877746582,2.1269150316786556,[2.12734616],0.005,0.1,-5.0,-0.01205469885704074,0
7.309670686721802,2.127305829112129,[2.11997586],0.005,0.1,-5.0,-0.028200573437779094,0
7.318576335906982,2.127305829112129,[2.11261536],0.005,0.1,-5.0,-0.04354273979503803,0
7.328238487243652,2.1271104303953923,[2.10526605],0.005,0.1,-5.0,-0.05755584902025215,0
7.335546970367432,2.1269150316786556,[2.09794219],0.005,0.1,-5.0,-0.05004080883448575,0
7.34428858757019,2.1263288355284455,[2.09066867],0.005,0.1,-5.0,-0.06382502084958704,0
7.351597547531128,2.125938038094972,[2.0834676],0.005,0.1,-5.0,-0.05357467389367153,0
7.359571218490601,2.125547240661499,[2.07635878],0.005,0.1,-5.0,-0.06772696487778507,0
7.369541645050049,2.1247656457945525,[2.0693503],0.005,0.1,-5.0,-0.07834342950109605,0
7.378135681152344,2.1239840509276053,[2.06244076],0.005,0.1,-4.83057248252927,-0.08576924991129925,0
7.387348175048828,2.1228116586271857,[2.05563109],0.005,0.1,-4.70289386063204,-0.09030131315845126,0
7.397265434265137,2.121443867610029,[2.04892349],0.005,0.1,-4.280444235263664,-0.09344867465292252,0
7.406606674194336,2.120271475309609,[2.04232019],0.005,0.1,-4.068016804453093,-0.09659416083429645,0
7.416541814804077,2.1187082855757153,[2.03582253],0.005,0.1,-3.6387231708120154,-0.09971597551215977,0
7.427568674087524,2.1169496971250856,[2.02943037],0.005,0.1,-3.177499732201581,-0.10330146395425553,0
7.4374799728393555,2.114995709957719,[2.02314187],0.005,0.1,-2.7554973529405715,-0.10726497156213154,0
7.44561767578125,2.1134325202238253,[2.01696236],0.005,0.1,-2.393238638614392,-0.08018219743767978,0
7.455538749694824,2.1112831343397223,[2.01089458],0.005,0.1,-2.0903276764558276,-0.12665631594289,0
7.4655115604400635,2.1091337484556187,[2.00492194],0.005,0.1,-1.286919121830521,-0.12793785834664706,0
7.474893808364868,2.1067889638547785,[1.99903784],0.005,0.1,-1.5637083770625004,-0.09281586533790041,0
7.485546350479126,2.1038579831037287,[1.99325314],0.005,0.1,-1.2888517890136564,-0.10242110189288087,0
7.494606256484985,2.1015131985028885,[1.98756753],0.005,0.1,-1.1491601293681764,-0.11050173063581148,0
7.503041982650757,2.099363812618785,[1.98197119],0.005,0.1,-0.7897047107701283,-0.11723836736975919,0
7.512501001358032,2.096628230584472,[1.97645472],0.005,0.1,-0.4183054347937393,-0.12280506158026232,0
7.522568941116333,2.093501851116685,[1.97100873],0.005,0.1,-0.3846447936382044,-0.12800885670868425,0
7.5305540561676025,2.0907662690823714,[1.96563238],0.005,0.1,-0.18547741751214972,-0.09437158987703975,0
7.539703130722046,2.087639889614585,[1.96033186],0.005,0.1,-0.24467130485814165,-0.10981007339344812,0
7.551546573638916,2.0833411178463783,[1.95509226],0.005,0.1,-0.09683626510938789,-0.17096093085878875,0
7.562586545944214,2.0794331435116447,[1.94988053],0.005,0.1,-0.1853028928857403,-0.17101857911939705,0
7.570592164993286,2.076502162760595,[1.94468532],0.005,0.1,0.2212503557443074,-0.12378956093882147,0
7.578849792480469,2.073375783292808,[1.93951388],0.005,0.1,0.7072998830685742,-0.14204942471701307,0
7.589550733566284,2.0690770115246013,[1.93436039],0.005,0.1,0.566033483986564,-0.15979971626657705,0
7.59806227684021,2.065559834623341,[1.92920699],0.005,0.1,0.24281957061955828,-0.18045799014545721,0
7.609207391738892,2.060870265421661,[1.9240342],0.005,0.1,-0.08048463365500841,-0.20329048972514144,0
7.620578765869141,2.056376094936718,[1.91882048],0.005,0.1,0.21065242217157035,-0.2305606667049917,0
7.631573438644409,2.0516865257350374,[1.91352914],0.005,0.1,0.365757334398978,-0.3671378557089405,0
7.644552230834961,2.0462153616664107,[1.90809704],0.005,0.1,0.4432008750514763,-0.505964364603865,0
7.655842304229736,2.0417211911814674,[1.90246617],0.005,0.1,1.3037198498682185,-0.48317845268851195,0
7.665947437286377,2.037422419413261,[1.89661289],0.005,0.1,1.9612075113936787,-0.4746361673139016,0
7.6743693351745605,2.033709843795264,[1.89054604],0.005,0.1,2.6809003038913857,-0.3398475112782333,0
7.68355131149292,2.0298018694605307,[1.88428866],0.005,0.1,3.2517107143409048,-0.38431651513365933,0
7.6935625076293945,2.0255030976923236,[1.87784566],0.005,0.1,3.9031448508920925,-0.4285728299787238,0
7.701575756072998,2.0217905220743266,[1.87122176],0.005,0.1,4.409929603092621,-0.3248964916406086,0
7.711055278778076,2.0176871490228567,[1.86443601],0.005,0.1,4.720928995376999,-0.40228304326025305,0
7.719998121261597,2.014169972121597,[1.85748709],0.005,0.1,4.577106109611159,-0.48333843823855077,0
7.730993032455444,2.0098712003533903,[1.8503367],0.005,0.1,4.5352698849719415,-0.7989189999253953,0
7.7385711669921875,2.0067448208856034,[1.84294894],0.005,0.1,4.479799009277343,-0.5908801131176157,0
7.74894380569458,2.0022506504006596,[1.83532675],0.005,0.1,4.37671965421358,-0.6943991687386045,0
7.758311748504639,1.9977564799157166,[1.82746963],0.005,0.1,4.225374810404393,-0.801019836250907,0
7.76751184463501,1.9942393030144565,[1.81935634],0.005,0.1,4.0365395018182015,-0.9114627955224972,0
7.777536869049072,1.9901359299629864,[1.81096747],0.005,0.1,3.823072498183293,-1.016057309141391,0
7.7890684604644775,1.9852509620445697,[1.80226496],0.005,0.1,3.5963559494551482,-1.5210437437770499,0
7.79654598236084,1.9825153800102562,[1.79323971],0.005,0.1,3.3652929200718797,-1.5752305532944375,0
7.804541110992432,1.9788028043922596,[1.78395141],0.005,0.1,3.1363487844595515,-1.5486601443984778,0
7.8145716190338135,1.9743086339073164,[1.77443248],0.005,0.1,2.9139501329944135,-1.5307977601944205,0
7.823663711547852,1.9704006595725827,[1.76467141],0.005,0.1,2.700947469607026,-1.5222753087527239,0
7.832526683807373,1.966688083954586,[1.75466372],0.005,0.1,2.4990294507890183,-1.5138178621753355,0
7.8416218757629395,1.962584710903116,[1.74441177],0.005,0.1,2.3090567576882792,-1.4984627449630552,0
7.849745988845825,1.959458331435329,[1.73394389],0.005,0.1,2.1313165900654347,-1.0794210446546366,0
7.8596813678741455,1.9551595596671225,[1.72331002],0.005,0.1,1.965710128414019,-1.16922342559328,0
7.868502378463745,1.9518377814825991,[1.71253847],0.005,0.1,1.8118874262581532,-1.228982051935744,0
7.876574516296387,1.9481252058646024,[1.70165772],0.005,0.1,1.6693427589543903,-0.9030478860898957,0
7.8856120109558105,1.9444126302466056,[1.69071563],0.005,0.1,1.2614426328747044,-1.0090870483226726,0
7.893926382064819,1.9410908520620822,[1.67973903],0.005,0.1,1.106500121108342,-1.0806028940800076,0
7.902512073516846,1.9377690738775588,[1.66873676],0.005,0.1,1.0491710369332288,-1.1239536066952733,0
7.913332462310791,1.9326887072424053,[1.6577201],0.005,0.1,1.021575949992632,-1.1429875431694534,0
7.92453145980835,1.9279991380407253,[1.64670169],0.005,0.1,0.9965393652802597,-1.151298515403736,0
7.934062957763672,1.9240911637059919,[1.63569478],0.005,0.1,0.9651250969973568,-1.1541631491334734,0
7.944425106048584,1.919987790654522,[1.62471316],0.005,0.1,0.926044424414586,-1.1452024723464962,0
7.9545509815216064,1.9154936201695782,[1.61375665],0.005,0.1,0.6047696046662594,-1.4699742369850632,0
7.963507890701294,1.911585645834845,[1.60282843],0.005,0.1,0.5224516097055132,-1.0060072922587353,0
7.971517562866211,1.907873070216848,[1.59197818],0.005,0.1,0.526448712052491,-0.7259849513215132,0
7.98153829574585,1.903965095882115,[1.58125195],0.005,0.1,0.5511624417419766,-1.0400544175021063,0
7.990508556365967,1.9002525202641178,[1.57066299],0.005,0.1,0.57123736749384,-0.7295925835353301,0
8.001773595809937,1.8957583497791746,[1.56022698],0.005,0.1,0.5791495140750362,-0.9538588442725027,0
8.009529829025269,1.8924365715946512,[1.54996168],0.005,0.1,0.5746921437439294,-0.6555088978534276,0
8.02156662940979,1.8873562049594979,[1.53988596],0.005,0.1,0.8362407432837441,-0.8140704945327388,0
8.030551195144653,1.8834482306247644,[1.53001902],0.005,0.1,0.8476757826112995,-0.5565046901994954,0
8.039517879486084,1.879540256290031,[1.52038764],0.005,0.1,0.7662294886870027,-0.5373155700517139,0
8.04851508140564,1.8756322819552977,[1.51100604],0.005,0.1,0.6611554474369288,-0.6677466319535967,0
8.060925722122192,1.8705519153201442,[1.50186667],0.005,0.1,0.5605034740162018,-0.6010508367407105,0
8.068548202514648,1.867620934569094,[1.49297934],0.005,0.1,0.47367323969829855,-0.4257382459511583,0
8.076544523239136,1.864103757667834,[1.48436746],0.005,0.1,0.40210727101558985,-0.43673217754180443,0
8.084516286849976,1.8603911820498373,[1.47605622],0.005,0.1,0.3442286426648814,-0.44354209751664875,0
8.095192193984985,1.8557016128481572,[1.46806298],0.005,0.1,0.021585173896976756,-0.5915749970521341,0
8.102741479873657,1.852966030813844,[1.46037199],0.005,0.1,-0.049230976827364034,-0.5606584637724933,0
8.11103081703186,1.8496442526293206,[1.45296603],0.005,0.1,0.2511254688965592,-0.4069739420010431,0
8.119810581207275,1.8459316770113239,[1.44584473],0.005,0.1,0.33487990068384255,-0.42695144470280344,0
8.130521774291992,1.8414375065263802,[1.4389878],0.005,0.1,0.052918223457031774,-0.567783301876134,0
8.139510869979858,1.83792032962512,[1.4323672],0.005,0.1,-0.01782798120200795,-0.40660171358173647,0
8.147555112838745,1.8347939501573334,[1.42598242],0.005,0.1,-0.00690708903456384,-0.310059561127135,0
8.155529737472534,1.8312767732560733,[1.41983959],0.005,0.1,0.30435688354629487,-0.3397633188305906,0
8.16396427154541,1.8275641976380768,[1.41392602],0.005,0.1,0.37350053094859137,-0.35592695338481295,0
8.172502756118774,1.82385162202008,[1.408222],0.005,0.1,0.07102377458691492,-0.36049451621176465,0
8.182180881500244,1.8195528502518732,[1.4027103],0.005,0.1,-0.018458093694345402,-0.35708523206207465,0
8.190545797348022,1.8160356733506133,[1.39738266],0.005,0.1,0.2539058037627462,-0.271009966076825,0
8.198524236679077,1.81271389516609,[1.39223792],0.005,0.1,0.3119496679468304,-0.28846569470065264,0
8.207305908203125,1.8088059208313563,[1.38727339],0.005,0.1,0.2862107512067382,-0.22920829559820974,0
8.21653437614441,1.8048979464966233,[1.38248488],0.005,0.1,0.23494964417514122,-0.25453881149831503,0
8.224526643753052,1.8017715670288363,[1.37785376],0.005,0.1,0.18239060647560476,-0.35073937745944295,0
8.235515594482422,1.7970819978271562,[1.37335603],0.005,0.1,0.13721116498621644,-0.2636005222150084,0
8.244009733200073,1.7929786247756863,[1.36898354],0.005,0.1,0.10134551337957506,-0.27448178543366664,0
8.253501892089844,1.7894614478744262,[1.36472845],0.005,0.1,0.07407722975994178,-0.28185466692566574,0
8.263062477111816,1.785358074822956,[1.3605767],0.005,0.1,0.053869345762772775,-0.28509552253898196,0
8.271467685699463,1.7822316953551693,[1.35651565],0.005,0.1,0.039127976254292804,-0.2866179422383555,0
8.28048062324524,1.778323721020436,[1.35254018],0.005,0.1,0.028478148902737047,-0.22284212230676986,0
8.289546251296997,1.7744157466857025,[1.3486577],0.005,0.1,0.020827527535627006,-0.1840509029444184,0
8.301512241363525,1.7691399813338122,[1.34486801],0.005,0.1,0.015346338224925128,-0.26087687706681206,0
8.309520244598389,1.7658182031492888,[1.34115275],0.005,0.1,0.011420975946680968,-0.2583171150693443,0
8.319544076919556,1.761714830097819,[1.33749135],0.005,0.1,0.008605357094381089,-0.3112913795686387,0
8.329557657241821,1.7572206596128757,[1.33387307],0.005,0.1,0.006578778922086299,-0.22891072460005535,0
8.338596105575562,1.7537034827116156,[1.33030008],0.005,0.1,0.005112376354354181,-0.2273187091599741,0
8.347537517547607,1.7501863058103553,[1.32677401],0.005,0.1,0.004043618302971378,-0.2276089426847394,0
8.358508825302124,1.7453013378919386,[1.32328989],0.005,0.1,0.27929580207454335,-0.22877846944061642,0
8.367746114730835,1.7413933635572052,[1.31984218],0.005,0.1,0.31183550489305367,-0.23252435440395458,0
8.375577211380005,1.7382669840894187,[1.31643055],0.005,0.1,-0.019741140428291892,-0.1864964767571482,0
8.385481595993042,1.7339682123212117,[1.31305919],0.005,0.1,-0.1292884338757694,-0.20367984990169782,0
8.396867752075195,1.729083244402795,[1.30971864],0.005,0.1,0.13106153062034165,-0.2791798658274415,0
8.405599117279053,1.725566067501535,[1.30639381],0.005,0.1,0.1834408208739166,-0.21678342479215423,0
8.415477991104126,1.7212672957333282,[1.30308257],0.005,0.1,0.15670019902272192,-0.23438366327785523,0
8.425577402114868,1.7167731252483849,[1.2997814],0.005,0.1,0.1076832812372425,-0.25202810316837765,0
8.434040307998657,1.7132559483471248,[1.2964794],0.005,0.1,0.05951441116527426,-0.27022030360265065,0
8.442480564117432,1.709543372729128,[1.29316569],0.005,0.1,0.02005652483679724,-0.2869878943010976,0
8.45197081565857,1.705244600960921,[1.28982998],0.005,0.1,-0.009340104621889897,-0.30036888206288714,0
8.461987495422363,1.701141227909451,[1.28646321],0.005,0.1,-0.029799568515934762,-0.3093837263621164,0
8.469484806060791,1.6984056458751378,[1.28306509],0.005,0.1,-0.04313637213611837,-0.24062525315694558,0
8.477911472320557,1.6950838676906144,[1.27964332],0.005,0.1,-0.051128049994613706,-0.2610054614092114,0
8.487753629684448,1.6907850959224076,[1.27619902],0.005,0.1,-0.055266641964765946,-0.2711814243677502,0
8.496485710144043,1.686877121587674,[1.27272806],0.005,0.1,-0.05671500810103226,-0.27439260249488345,0
8.507510423660278,1.6823829511027306,[1.26922873],0.005,0.1,-0.05634135185565099,-0.27330282723849947,0
8.51550579071045,1.6790611729182072,[1.26570706],0.005,0.1,-0.05477590286773713,-0.21189186725443065,0
8.524769067764282,1.6751531985834738,[1.26217498],0.005,0.1,0.22357153858875772,-0.22791524804360624,0
8.53650975227356,1.6702682306650571,[1.25863004],0.005,0.1,0.25943554960157356,-0.3092097865699592,0
8.546748876571655,1.6655786614633772,[1.25505704],0.005,0.1,-0.06874585235486219,-0.3033049821512618,0
8.55549693107605,1.662061484562117,[1.25145514],0.005,0.1,0.10110625866995707,-0.23307261079351155,0
8.565475702285767,1.6575673140771736,[1.24783557],0.005,0.1,0.12180162499739881,-0.2547277214647906,0
8.576514720916748,1.6530731435922303,[1.24419275],0.005,0.1,0.08907478043005226,-0.36209991024452653,0
8.584479331970215,1.649751365407707,[1.24051392],0.005,0.1,0.044295187057142436,-0.27480651024737374,0
8.59447455406189,1.6456479923562366,[1.23680151],0.005,0.1,-0.27242717061358473,-0.2990811089078323,0
8.602550983428955,1.64252161288845,[1.23305672],0.005,0.1,-0.06119200502609498,-0.3212416865969036,0
8.611351728439331,1.6386136385537167,[1.22928059],0.005,0.1,0.004606745970617547,-0.25212851891950855,0
8.622529983520508,1.6339240693520367,[1.2254818],0.005,0.1,0.011017927828010362,-0.28292319120910125,0
8.633651733398438,1.6290391014336199,[1.22165378],0.005,0.1,-0.0030440272642451843,-0.3931118585326541,0
8.64575457572937,1.6239587347984663,[1.217778],0.005,0.1,-0.020990032659628035,-0.37226627322131595,0
8.658466815948486,1.6184875707298394,[1.21384213],0.005,0.1,-0.03652508083562285,-0.43914098782377253,0
8.66950249671936,1.6137980015281594,[1.20983952],0.005,0.1,-0.04789384066339825,-0.38598891756048004,0
8.677905797958374,1.6102808246268994,[1.20577432],0.005,0.1,-0.05518626518786897,-0.3464251119054245,0
8.68752908706665,1.606372850292166,[1.20166527],0.005,0.1,-0.059118313902791604,-0.25038309653388713,0
8.697551250457764,1.6020740785239593,[1.19753008],0.005,0.1,-0.06051181258436106,-0.31305510976196094,0
8.710981607437134,1.596212117021859,[1.19336723],0.005,0.1,-0.060096991654666865,-0.35771520476751034,0
8.719478845596313,1.5926949401205992,[1.1891764],0.005,0.1,-0.0584575438869084,-0.2543976367815313,0
8.728430271148682,1.589177763219339,[1.1849757],0.005,0.1,-0.056033770826541054,-0.2476359074634371,0
8.739456415176392,1.5846835927343956,[1.18078089],0.005,0.1,-0.053145556653558274,-0.24197272496447353,0
8.749490022659302,1.5805802196829255,[1.17659976],0.005,0.1,-0.05001880645528406,-0.2375400288868987,0
8.759477615356445,1.576281447914719,[1.17243903],0.005,0.1,-0.04680910451701807,-0.23377327452535415,0
8.768940687179565,1.5721780748632488,[1.16830434],0.005,0.1,-0.04362082623262763,-0.2310822528680323,0
8.777454137802124,1.5682701005285153,[1.16420021],0.005,0.1,-0.040521769324001145,-0.229309945805119,0
8.787458181381226,1.5637759300435718,[1.16013014],0.005,0.1,-0.31359236095782805,-0.22689118080109694,0
8.795457601547241,1.5606495505757851,[1.15610241],0.005,0.1,-0.3439046990017075,-0.17761668936009517,0
8.805449962615967,1.556546177524315,[1.15212395],0.005,0.1,-0.28616267877329293,-0.23703540803417686,0
8.817976713180542,1.5512704121724252,[1.1481896],0.005,0.1,0.06843417279944747,-0.227492073645505,0
8.827208995819092,1.547167039120955,[1.14429516],0.005,0.1,-0.10165305116481613,-0.21940302657058577,0
8.835508584976196,1.543649862219695,[1.14044792],0.005,0.1,-0.13111377860602408,-0.17001107396907408,0
8.844473838806152,1.5399372866016983,[1.13665906],0.005,0.1,-0.10812187060978293,-0.17769885521753634,0
8.853512048721313,1.5364201097004382,[1.13293226],0.005,0.1,-0.07131121407465489,-0.18350341472906062,0
8.863542795181274,1.5321213379322314,[1.12926478],0.005,0.1,-0.03618921068272053,-0.18663610371298928,0
8.872452020645142,1.5284087623142348,[1.1256538],0.005,0.1,-0.2838882233978392,-0.18809320898535445,0
8.88047456741333,1.525086984129711,[1.12210161],0.005,0.1,-0.29614777252419566,-0.15036484239651707,0
8.88919186592102,1.5215698072284511,[1.11861492],0.005,0.1,-0.22671272677057278,-0.15971183002758052,0
8.897846460342407,1.5178572316104544,[1.1151941],0.005,0.1,-0.14144412743757803,-0.16535482513690436,0
8.905707836151123,1.5141446559924576,[1.11183902],0.005,0.1,-0.06558082819610693,-0.135143424127536,0
8.913478374481201,1.5108228778079342,[1.10855421],0.005,0.1,-0.0063730925015426515,-0.1446821616626869,0
8.922777652740479,1.5065241060397276,[1.10533856],0.005,0.1,0.036298559058905666,-0.149315441456592,0
8.930458307266235,1.503397726571941,[1.10219091],0.005,0.1,0.06510239502300984,-0.12351544851696936,0
8.940457582473755,1.4994897522372075,[1.09911088],0.005,0.1,0.08318683679159203,-0.15658910177289045,0
8.951075077056885,1.4951909804690007,[1.09609047],0.005,0.1,0.09338534765175299,-0.1475637360156321,0
8.958526134490967,1.4920646010012137,[1.09312794],0.005,0.1,0.09798624752406744,-0.11723862974974751,0
8.96745228767395,1.4881566266664805,[1.09023108],0.005,0.1,0.0987347107123634,-0.11437604509208464,0
8.97700047492981,1.4840532536150106,[1.08740418],0.005,0.1,0.09691566475406413,-0.10897960917941991,0
8.987257719039917,1.4795590831300671,[1.08464873],0.005,0.1,0.0934525116054993,-0.10195299710986937,0
8.99770998954773,1.4752603113618603,[1.08196752],0.005,0.1,0.08899652490067361,-0.09460409823466501,0
9.00745439529419,1.4715477357438635,[1.07936418],0.005,0.1,0.08399952496593403,-0.08789570174053105,0
9.015483140945435,1.4682259575593402,[1.07684471],0.005,0.1,0.07876975445901818,-0.0761350550056199,0
9.024562358856201,1.464317983224607,[1.07441646],0.005,0.1,0.0735134511708107,-0.07366652123977048,0
9.036454677581787,1.4588468191559802,[1.07208188],0.005,0.1,0.06836514053764704,-0.07469654605828614,0
9.047483682632446,1.4543526486710365,[1.06983946],0.005,0.1,0.06340940087328675,-0.06966351735443324,0
9.056102514266968,1.4508354717697765,[1.06769125],0.005,0.1,0.05869634678662355,-0.06324462086763367,0
9.068450927734375,1.4457551051346231,[1.06564065],0.005,0.1,0.054252561570982016,-0.06297239821772775,0
9.077907085418701,1.441651732083153,[1.06368751],0.005,0.1,0.05008876938398282,-0.05997362914354716,0
9.08748459815979,1.4379391564651562,[1.06183122],0.005,0.1,0.04620519023510858,-0.05768078508933686,0
9.096451044082642,1.4342265808471597,[1.06007309],0.005,0.1,0.04259525743994201,-0.05474353496093684,0
9.104960918426514,1.4309048026626363,[1.05841438],0.005,0.1,0.03924818291247838,-0.05375681882857815,0
9.113073587417603,1.4273876257613762,[1.05685416],0.005,0.1,0.03615071471250338,-0.05268944070045094,0
9.120456218719482,1.4240658475768528,[1.05539058],0.005,0.1,0.033288330131464934,-0.051184791156059777,0
9.128493547439575,1.4207440693923294,[1.05402203],0.005,0.1,0.030646035584437188,-0.05038620723474146,0
9.138007640838623,1.416836095057596,[1.05274514],0.005,0.1,0.028208893565356177,-0.04932651979953576,0
9.14646315574646,1.4131235194395992,[1.05155586],0.005,0.1,0.025962360921151787,-0.04800850449925883,0
9.155075311660767,1.4096063425383392,[1.05044943],0.005,0.1,0.023892497366922734,-0.047589219921531103,0
9.164448261260986,1.405698368203606,[1.04941962],0.005,0.1,0.02198608536658616,-0.04603396419833609,0
9.173760652542114,1.401399596435399,[1.048461],0.005,0.1,0.020230690022301198,-0.044886595154163475,0
9.183457136154175,1.3974916221006655,[1.04756761],0.005,0.1,0.018614678876384738,-0.0439594818991856,0
9.193582534790039,1.392997451615722,[1.04673183],0.005,0.1,0.01712721541358376,-0.043008123908884,0
9.203039169311523,1.3890894772809885,[1.04594502],0.005,0.1,0.015758235777641866,-0.04262898508995541,0
9.213604211807251,1.384790705512782,[1.04519738],0.005,0.1,0.014498415235512478,-0.04264389626316223,0
9.221784353256226,1.3816643260449955,[1.04447792],0.005,0.1,0.01333912884174249,-0.04367923057863275,0
9.230095386505127,1.3781471491437352,[1.04377729],0.005,0.1,0.012272409312502917,-0.04137975589330355,0
9.238476753234863,1.374629972242475,[1.04308811],0.005,0.1,0.01129090411237769,-0.04314688935730849,0
9.250868797302246,1.369354206890585,[1.04239794],0.005,0.1,0.010387833064942498,-0.0506458041160089,0
9.261037588119507,1.3648600364056418,[1.04169009],0.005,0.1,0.009556947316900218,-0.051418624799028236,0
9.270541906356812,1.3611474607876448,[1.04095164],0.005,0.1,0.00879249015957437,-0.053258410688871556,0
9.279467582702637,1.3572394864529114,[1.04017607],0.005,0.1,0.008089159986432894,-0.04652626039328238,0
9.290979146957397,1.3525499172512316,[1.03935583],0.005,0.1,0.007442075515325082,-0.0642650405169803,0
9.301217794418335,1.3480557467662881,[1.03847537],0.005,0.1,0.006846743303505442,-0.06958746003332145,0
9.311281204223633,1.343952373714818,[1.0375192],0.005,0.1,0.28233738719849,-0.07682332205020273,0
9.319458723068237,1.340435196813558,[1.03648041],0.005,0.1,0.31495808473477344,-0.06407738307507098,0
9.331089735031128,1.335550228895141,[1.03535129],0.005,0.1,0.259397229994804,-0.10289301208365276,0
9.338923215866089,1.3322284507106177,[1.03411955],0.005,0.1,-0.09315264861605213,-0.08175443480751479,0
9.346448183059692,1.3292974699595674,[1.03277975],0.005,0.1,0.07884603516338108,-0.09558711135990512,0
9.355958461761475,1.3251940969080978,[1.03132704],0.005,0.1,0.11008509401381156,-0.10714735626809185,0
9.36418867111206,1.3218723187235741,[1.02975817],0.005,0.1,0.08874311132738211,-0.08501832843498273,0
9.375142812728882,1.3173781482386306,[1.02807724],0.005,0.1,0.05346009264053024,-0.09831802823931353,0
9.384536266326904,1.3134701739038972,[1.02628357],0.005,0.1,0.01975031280037783,-0.10762226814927148,0
9.39443063735962,1.3091714021356906,[1.02437309],0.005,0.1,-0.007285029715176224,-0.1119277838718997,0
9.407140493392944,1.3038956367838006,[1.02234035],0.005,0.1,-0.02694706797757563,-0.1420921249658002,0
9.414477586746216,1.3007692573160137,[1.02018442],0.005,0.1,-0.040175750184932454,-0.09890617273473225,0
9.425312757492065,1.296470485547807,[1.01791436],0.005,0.1,-0.048337333120955214,-0.11769386481068962,0
9.436884641647339,1.2915855176293904,[1.01553825],0.005,0.1,-0.05273656133623596,-0.1004338587377728,0
9.446130275726318,1.2872867458611836,[1.01306701],0.005,0.1,-0.05445561923459291,-0.0856819316652174,0
9.455582618713379,1.28337877152645,[1.0105216],0.005,0.1,-0.05433157385933085,-0.0599136854767645,0
9.464527606964111,1.2796661959084534,[1.00792624],0.005,0.1,-0.05298563896501457,-0.05507449651501708,0
9.473209619522095,1.2759536202904564,[1.00530085],0.005,0.1,-0.05086615560787607,-0.04970663896617462,0
9.483947515487671,1.2714594498055134,[1.0026617],0.005,0.1,-0.048289897616230704,-0.043945376873430454,0
9.495426416397095,1.2667698806038332,[1.00002517],0.005,0.1,-0.04547656843928859,-0.03842446228090435,0
9.504108905792236,1.2630573049858367,[0.99740745],0.005,0.1,-0.042575716063091774,-0.03369460564625271,0
9.511440515518188,1.2601263242347864,[0.99482578],0.005,0.1,0.23635142510329113,-0.02687528524347545,0
9.52242660522461,1.2554367550331063,[0.99229635],0.005,0.1,0.27228829765849544,-0.026935274688192724,0
9.532979249954224,1.2509425845481628,[0.98983092],0.005,0.1,0.21988683836361259,-0.023624997217865512,0
9.543426990509033,1.2466438127799562,[0.98744039],0.005,0.1,0.14635807141855622,-0.02107394196324847,0
9.551405429840088,1.2433220345954328,[0.98513697],0.005,0.1,0.07824048027279862,-0.018778640891555273,0
9.562448024749756,1.2388278641104893,[0.98293099],0.005,0.1,0.023868744288772135,-0.01820297386432182,0
9.574010133743286,1.2339428961920726,[0.98082907],0.005,0.1,-0.016032621427656903,-0.01704059176345911,0
9.583426475524902,1.230034921857339,[0.97883595],0.005,0.1,-0.04350087697474304,-0.016321142516565617,0
9.592448711395264,1.226126947522606,[0.97695601],0.005,0.1,0.21481366770916568,-0.0156315681610111,0
9.600448369979858,1.2226097706213457,[0.97519227],0.005,0.1,0.2374543868862356,-0.015275265572325345,0
9.610433101654053,1.2183109988531389,[0.97354504],0.005,0.1,0.17705694496377222,-0.014786101822174491,0
9.620828866958618,1.2140122270849323,[0.97201102],0.005,0.1,0.09927204579304164,-0.014504016339187804,0
9.628448009490967,1.211081246333882,[0.97058511],0.005,0.1,0.30551461135987473,-0.014075505852664845,0
9.636442422866821,1.2083456642995687,[0.96926338],0.005,0.1,0.2843233980996096,-0.013774224378753797,0
9.645155906677246,1.2048284873983088,[0.96804108],0.005,0.1,0.4665513174779173,-0.013595572762009088,0
9.653422594070435,1.2013113104970485,[0.96691105],0.005,0.1,0.39801991739557563,-0.013116617109321372,0
9.664411306381226,1.1966217412953686,[0.96586341],0.005,0.1,0.25698874345381933,-0.014062260037445607,0
9.676860809326172,1.191541374660215,[0.96488222],0.005,0.1,0.3923630601354594,-0.016246134457938825,0
9.685412883758545,1.1886103939091652,[0.96395189],0.005,0.1,0.586310467906646,-0.014329838901453375,0
9.695407390594482,1.1847024195744316,[0.96306295],0.005,0.1,0.479194318238668,-0.014899830985587906,0
9.704471588134766,1.1811852426731717,[0.96220604],0.005,0.1,0.28973743969333055,-0.015508987503897578,0
9.713194608688354,1.1776680657719116,[0.96137031],0.005,0.1,0.3823251637754477,-0.0160181062380082,0
9.723466157913208,1.1735646927204413,[0.96054589],0.005,0.1,0.2675133206839613,-0.016226731779863394,0
9.732820987701416,1.1694613196689714,[0.95972415],0.005,0.1,0.3805612669804955,-0.016199901758545493,0
9.740482568740845,1.1665303389179214,[0.95889999],0.005,0.1,0.26489586078112914,-0.013391549538413157,0
9.751449346542358,1.1620361684329779,[0.95806954],0.005,0.1,0.09438243192662121,-0.01633753372857865,0
9.759403705596924,1.1591051876819278,[0.9572278],0.005,0.1,-0.0625270979235909,-0.01299963517007112,0
9.767394065856934,1.1557834094974044,[0.95637512],0.005,0.1,0.09154532323083234,-0.010937509001198921,0
9.777421712875366,1.152070833879408,[0.95551252],0.005,0.1,0.03934326903195513,-0.013285123158834533,0
9.785494089126587,1.148944454411621,[0.95463736],0.005,0.1,-0.06983289516118496,-0.010767649369124303,0
9.795406579971313,1.1452318787936242,[0.95374965],0.005,0.1,-0.17577325683393005,-0.010844728527235808,0
9.804414987564087,1.1419101006091008,[0.95284729],0.005,0.1,-0.2584337422952594,-0.013536849988550018,0
9.817402601242065,1.1368297339739475,[0.95192387],0.005,0.1,-0.3147914104713436,-0.013255135807370155,0
9.827622175216675,1.1327263609224774,[0.95097484],0.005,0.1,-0.3481941176024237,-0.013501534958938822,0
9.837412595748901,1.128818386587744,[0.94999722],0.005,0.1,-0.363680483510878,-0.01404378968925316,0
9.846466541290283,1.125301209686484,[0.94898759],0.005,0.1,-0.36609121222098306,-0.014783756121372976,0
9.857487440109253,1.1213932353517506,[0.9479424],0.005,0.1,-0.3594404527515549,-0.015495332247838134,0
9.86758828163147,1.1172898623002805,[0.94685826],0.005,0.1,-0.07078389327582313,-0.016110692841900316,0
9.875439882278442,1.1141634828324936,[0.94573521],0.005,0.1,-0.021355165457880923,-0.012337213383757217,0
9.886430501937866,1.1096693123475503,[0.94457352],0.005,0.1,-0.3341313554122907,-0.018129878531879855,0
9.895390748977661,1.1061521354462902,[0.94337103],0.005,0.1,-0.14802375717570648,-0.013234669677848485,0
9.904722213745117,1.1026349585450301,[0.94212934],0.005,0.1,-0.11089809739926099,-0.014123898252710935,0
9.915971517562866,1.09853158549356,[0.94085023],0.005,0.1,-0.12746771999563722,-0.014756468398047874,0
9.925414323806763,1.0950144085923001,[0.93953255],0.005,0.1,-0.1566493825828626,-0.015294217121941825,0
9.935208559036255,1.0911064342575667,[0.93817275],0.005,0.1,-0.18246781356446462,-0.02054678970568713,0
9.944751262664795,1.0877846560730433,[0.9367685],0.005,0.1,0.07593019135880519,-0.01408786129707821,0
9.952444553375244,1.08446287788852,[0.93532756],0.005,0.1,0.09980074573309404,-0.010239308157789695,0
9.96240782737732,1.0805549035537865,[0.93385826],0.005,0.1,0.04242044675063859,-0.01393179264819371,0
9.973365068435669,1.0762561317855797,[0.93236135],0.005,0.1,-0.030729415566992765,-0.012261105318504203,0
9.98241662979126,1.073129752317793,[0.93083942],0.005,0.1,-0.09468985045135365,-0.010704960019249964,0
9.993122100830078,1.0688309805495864,[0.9292992],0.005,0.1,-0.14240252886883326,-0.009118406885633498,0
10.003190279006958,1.0651184049315896,[0.92774806],0.005,0.1,-0.17410919045823986,-0.007724954796235613,0
10.0114004611969,1.0617966267470662,[0.92619532],0.005,0.1,-0.19254833864144755,-0.005303181970712781,0
10.024030447006226,1.0569116588286493,[0.92465029],0.005,0.1,-0.2009013292893524,-0.005657033166478856,0
10.033409118652344,1.0533944819273893,[0.92311907],0.005,0.1,-0.20200869303641883,-0.00461794594481725,0
10.042463064193726,1.0500727037428659,[0.92160896],0.005,0.1,0.07788989818571082,-0.0032757299815007004,0
10.051765441894531,1.0465555268416058,[0.92012955],0.005,0.1,0.11811863611874862,-0.002875618873751595,0
10.061391353607178,1.0432337486570824,[0.91868836],0.005,0.1,0.07211279745211303,-0.0025164014418976315,0
10.070019721984863,1.0401073691892957,[0.91729119],0.005,0.1,0.006215180897508367,-0.002211821170241976,0
10.078697443008423,1.036980989721509,[0.9159434],0.005,0.1,0.2223967365164121,-0.0019662902094506173,0
10.087477922439575,1.033854610253722,[0.91464983],0.005,0.1,0.20962616949059054,-0.0017747260911340163,0
10.095417976379395,1.0309236295026722,[0.91341514],0.005,0.1,0.3990822723528263,-0.0016289913933928866,0
10.104472398757935,1.0276018513181489,[0.91224359],0.005,0.1,0.33683135642838113,-0.001539860866755952,0
10.114464044570923,1.0242800731336255,[0.91113812],0.005,0.1,0.47735483788180866,-0.0014694345286651196,0
10.123406410217285,1.0211536936658387,[0.91010048],0.005,0.1,0.9267823154388508,-0.001420751222496424,0
10.13239336013794,1.0182227129147887,[0.909132],0.005,0.1,1.6552026308987366,-0.001405320268580196,0
10.140395879745483,1.0158779283139485,[0.90823351],0.005,0.1,2.0391579889766014,-0.0013906429887003986,0
10.149408102035522,1.0131423462796352,[0.90740499],0.005,0.1,2.4908125765536226,-0.001363248317338371,0
10.158633708953857,1.0104067642453218,[0.90664576],0.005,0.1,2.5725238337923297,-0.001338844794528206,0
10.168466806411743,1.0074757834942718,[0.9059547],0.005,0.1,3.0407946331386775,-0.0013017658458608404,0
10.178212881088257,1.0049356001766951,[0.90533028],0.005,0.1,3.2320382578915425,-0.001274451750115467,0
10.188446760177612,1.002004619425645,[0.90477062],0.005,0.1,3.534996744306114,-0.0012253885881545693,0
10.199233293533325,0.999659834824805,[0.90427348],0.005,0.1,3.497906983146782,-0.0011910653295031945,0
10.210406303405762,0.9967288540737549,[0.90383653],0.005,0.1,3.5924322167697813,-0.0011747545804297991,0
10.221402645111084,0.9941886707561782,[0.90345761],0.005,0.1,3.3922301380444333,-0.0011575186169280776,0
10.232238531112671,0.9918438861553381,[0.90313444],0.005,0.1,3.094457498044165,-0.0011274063639914124,0
10.240400552749634,0.9900852977047081,[0.90286421],0.005,0.1,2.7847104489368935,-0.0010486315885900547,0
10.24956727027893,0.9881313105373414,[0.90264381],0.005,0.1,2.220504694361649,-0.0010708648850769273,0
10.257664918899536,0.986568120803448,[0.90247022],0.005,0.1,1.6549162736626666,-0.0009838336481842879,0
10.265779495239258,0.9850049310695548,[0.90233984],0.005,0.1,1.452523798799405,-0.0009084109153695289,0
10.276360511779785,0.9832463426189246,[0.90224915],0.005,0.1,1.1120663434548959,-0.0009394446596842107,0
10.285922050476074,0.981292355451558,[0.90219545],0.005,0.1,1.054532444468197,-0.0008946259567596567,0
10.295381546020508,0.9797291657176646,[0.90217581],0.005,0.1,0.8103386224238585,-0.0008060771736043171,0
10.303393125534058,0.9779705772670346,[0.90218687],0.005,0.1,0.5427130678742631,-0.0007834480543438102,0
10.311392068862915,0.976602786249878,[0.90222545],0.005,0.1,0.3118787940079504,-0.0007125183370012511,0
10.320192813873291,0.9752349952327212,[0.90228856],0.005,0.1,0.4090456387068636,-0.0007025816386657445,0
10.332404375076294,0.9732810080653544,[0.90237403],0.005,0.1,0.3124202357477354,-0.0007329974600969646,0
10.343400239944458,0.9713270208979877,[0.90248039],0.005,0.1,0.16800351277606082,-0.0006867291042727646,0
10.353286743164062,0.969959229880831,[0.90260591],0.005,0.1,0.033621119971649835,-0.0006514637364446584,0
10.363197326660156,0.9683960401469377,[0.90274848],0.005,0.1,-0.0724010173257793,-0.0005978384474677894,0
10.374547481536865,0.9668328504130442,[0.90290563],0.005,0.1,-0.14827813405547668,-0.0005024611917086945,0
10.38500428199768,0.9656604581126244,[0.90307366],0.005,0.1,-0.1982525643751051,-0.0003636944733978531,0
10.394401788711548,0.9644880658122044,[0.90324684],0.005,0.1,-0.22801215713746031,-0.00024317247306564373,0
10.405120611190796,0.9629248760783109,[0.9034174],0.005,0.1,-0.2428721036958358,-0.0002231057453035193,0
10.414875507354736,0.9621432812113643,[0.9035764],0.005,0.1,-0.5232348687647997,-0.0003344628528464158,0
10.422503471374512,0.961166287627681,[0.90371535],0.005,0.1,-0.5535034379271999,-0.00037424982067689466,0
10.436084032058716,0.9596030978937875,[0.9038205],0.005,0.1,-0.7668869662904061,-0.0025628385091188105,0
10.445110082626343,0.9586261043101042,[0.90387232],0.005,0.1,-0.9894879975317642,-0.002270420932116745,0
10.45341157913208,0.9578445094431576,[0.90385585],0.005,0.1,-1.160889012793654,-0.0038690615737532537,0
10.464003562927246,0.9566721171427376,[0.90375648],0.005,0.1,-0.9932684021781966,-0.005998737173960765,0
10.474491119384766,0.9554997248423175,[0.90355539],0.005,0.1,-1.0124498828996702,-0.008663683273643662,0
10.483203649520874,0.9547181299753709,[0.90323325],0.005,0.1,-1.0759877570998313,-0.01191156294377937,0
10.494514226913452,0.9537411363916874,[0.90277075],0.005,0.1,-1.1288243408168492,-0.015613123311703322,0
10.503416776657104,0.9529595415247408,[0.90215552],0.005,0.1,-0.8785919063235623,-0.012739021953925391,0
10.511397361755371,0.9521779466577941,[0.9013819],0.005,0.1,-0.8438106673231226,-0.018054617126117927,0
10.51940107345581,0.951591750507584,[0.90043781],0.005,0.1,-1.1509257803522621,-0.02380310026262106,0
10.529109477996826,0.9508101556406374,[0.89930569],0.005,0.1,-0.9438918185377893,-0.029689435280236567,0
10.54215383529663,0.9500285607736906,[0.89796196],0.005,0.1,-0.8753499652246335,-0.05043898281815774,0
10.550479888916016,0.949833162056954,[0.89638683],0.005,0.1,-0.5778829637170453,-0.037538505721355316,0
10.559917688369751,0.9492469659067441,[0.89457228],0.005,0.1,-0.5323245588913664,-0.06141168714834664,0
10.568000555038452,0.9484653710397973,[0.89251337],0.005,0.1,-0.5701489244074345,-0.04481601821838284,0
10.576398611068726,0.9478791748895873,[0.89022511],0.005,0.1,-0.6207941254326178,-0.034926072715350344,0
10.587165355682373,0.9467067825891673,[0.88772296],0.005,0.1,-0.9345338774704537,-0.06139361456211571,0
10.595377683639526,0.9459251877222207,[0.88500631],0.005,0.1,-1.2621651155174956,-0.04574648744992156,0
10.60453200340271,0.9449481941385374,[0.88208585],0.005,0.1,-1.7929118551230367,-0.052761440502683034,0
10.614391565322876,0.9437758018381173,[0.87897355],0.005,0.1,-2.5427433231226098,-0.0583692393904287,0
10.62443995475769,0.9424080108209606,[0.87567434],0.005,0.1,-3.190139174867639,-0.06241425836241385,0
10.633809804916382,0.9408448210870671,[0.87219575],0.005,0.1,-4.195340595606083,-0.0647374048383817,0
10.644540071487427,0.9392816313531739,[0.86854791],0.005,0.1,-4.798384692794177,-0.06572273274013488,0
10.654398441314697,0.9377184416192806,[0.86473645],0.005,0.1,-5.0,-0.0857166142115831,0
10.664387702941895,0.9357644544519137,[0.86077063],0.005,0.1,-5.0,-0.05813615476764137,0
10.673521041870117,0.9340058660012838,[0.85667712],0.005,0.1,-5.0,-0.056750082782390264,0
10.683387517929077,0.932051878833917,[0.85248313],0.005,0.1,-5.0,-0.05424837447635373,0
10.694384574890137,0.9300978916665504,[0.84820903],0.005,0.1,-4.861393054023538,-0.05094153983436997,0
10.702806949615479,0.9281439044991837,[0.84387604],0.005,0.1,-4.598891104563755,-0.047370561548216,0
10.711403369903564,0.9261899173318169,[0.83951066],0.005,0.1,-4.2911836411249205,-0.032811498511638386,0
10.720369100570679,0.9240405314477135,[0.83514263],0.005,0.1,-3.975890216544732,-0.03358698409727222,0
10.728803634643555,0.9220865442803469,[0.830793],0.005,0.1,-3.3943108208700172,-0.033970455696828675,0
10.737411260604858,0.9199371583962435,[0.82647488],0.005,0.1,-3.0727940575093315,-0.034207895806547595,0
10.749341487884521,0.9168107789284567,[0.82219405],0.005,0.1,-3.411308837459523,-0.04641748171975219,0
10.76235818862915,0.9134890007439334,[0.81794898],0.005,0.1,-3.3050235407584214,-0.04409451562491675,0
10.77033805847168,0.9113396148598301,[0.81374715],0.005,0.1,-3.0360465432596957,-0.03141308626467018,0
10.779587745666504,0.9084086341087799,[0.80960355],0.005,0.1,-2.453317529431084,-0.035070488518723214,0
10.790375471115112,0.9050868559242566,[0.80551711],0.005,0.1,-1.8508390686185328,-0.05441573421847648,0
10.799378871917725,0.9027420713234164,[0.80147895],0.005,0.1,-1.6103004842867952,-0.039202202714998156,0
10.808066368103027,0.9002018880058399,[0.79749121],0.005,0.1,-1.2366469057147933,-0.044582455093547725,0
10.818337440490723,0.8972709072547898,[0.79355335],0.005,0.1,-0.8762847160575205,-0.04981154568237528,0
10.82790994644165,0.8947307239372131,[0.78965661],0.005,0.1,-0.5781557530729853,-0.05505588023497307,0
10.835351467132568,0.8923859393363729,[0.78579844],0.005,0.1,-0.3497725230072196,-0.041331077134840674,0
10.84435749053955,0.889454958585323,[0.78198189],0.005,0.1,-0.18304296237777212,-0.05001008343626336,0
10.853894710540771,0.8861331804007996,[0.77820111],0.005,0.1,-0.06564798427785859,-0.05748217665152071,0
10.8613600730896,0.8835929970832228,[0.77445016],0.005,0.1,0.014343988219929424,-0.043594345022599,0
10.869373798370361,0.8808574150489095,[0.77073004],0.005,0.1,0.06692159028056432,-0.05367402365114814,0
10.880676031112671,0.8771448394309127,[0.76702616],0.005,0.1,0.09987896158560777,-0.08653646459621511,0
10.889290571212769,0.8740184599631259,[0.76331825],0.005,0.1,0.11905817050034631,-0.061467606332052796,0
10.898374080657959,0.8708920804953393,[0.75960353],0.005,0.1,0.12872806338553838,-0.06799983695715452,0
10.90783405303955,0.8671795048773426,[0.75587954],0.005,0.1,-0.14408441957822912,-0.0727373019120016,0
10.917327165603638,0.8638577266928191,[0.75213677],0.005,0.1,0.09778387659008438,-0.07700471296052491,0
10.926324129104614,0.860340549791559,[0.7483669],0.005,0.1,0.1822126411691934,-0.08060081826816734,0
10.93435788154602,0.8570187716070357,[0.74457017],0.005,0.1,0.19771785961243662,-0.058451978146631264,0
10.942386627197266,0.8536969934225123,[0.7407618],0.005,0.1,0.1857110903804206,-0.045134263984556354,0
10.950377464294434,0.8505706139547256,[0.73695412],0.005,0.1,0.1648982141865075,-0.05866064893364004,0
10.95913553237915,0.8472488357702022,[0.73314101],0.005,0.1,0.14322543945741345,-0.0709524649067875,0
10.9703369140625,0.843145462718732,[0.72930806],0.005,0.1,0.12367489932503059,-0.08162365802505338,0
10.979396104812622,0.8394328871007354,[0.72544137],0.005,0.1,0.10703822256610167,-0.09170131757703504,0
10.9879629611969,0.8357203114827386,[0.72153655],0.005,0.1,0.09321631972677388,-0.06834115148728351,0
10.999036073684692,0.8312261409977952,[0.71758859],0.005,0.1,0.08180833979230505,-0.11989957309512826,0
11.007876634597778,0.8275135653797985,[0.71358373],0.005,0.1,0.3484018188219722,-0.0866243368195464,0
11.018388986587524,0.8230193948948551,[0.70951924],0.005,0.1,0.3736398251179315,-0.09914978687092366,0
11.027584552764893,0.8187206231266484,[0.70539271],0.005,0.1,0.8639591894532859,-0.10947548804090354,0
11.036965370178223,0.8150080475086516,[0.70119349],0.005,0.1,0.8484298422228597,-0.11719905404156451,0
11.044831991195679,0.8116862693241282,[0.6969136],0.005,0.1,0.9388249874139725,-0.12328714175097205,0
11.053991079330444,0.8079736937061315,[0.69254735],0.005,0.1,1.3109252014082586,-0.12812917333904555,0
11.062948942184448,0.8042611180881346,[0.68809068],0.005,0.1,1.4112659448026728,-0.13278857361347182,0
11.072684049606323,0.7997669476031912,[0.68354067],0.005,0.1,1.6641385657600414,-0.1365223337121143,0
11.081445693969727,0.7962497707019311,[0.67890485],0.005,0.1,1.6220726308429323,-0.0984458173139758,0
11.091415405273438,0.7917556002169878,[0.6741997],0.005,0.1,1.749602496677073,-0.11239401538283715,0
11.099366664886475,0.7890200181826744,[0.66943026],0.005,0.1,1.886516305884545,-0.1254184117928006,0
11.109349489212036,0.7847212464144676,[0.66459191],0.005,0.1,1.9777999254382341,-0.13434581014943203,0
11.117366790771484,0.781594866946681,[0.65969102],0.005,0.1,2.0133131371028874,-0.09881437999015048,0
11.126627683639526,0.7772960951784743,[0.65473374],0.005,0.1,1.9999610095656886,-0.16221792760260206,0
11.136380434036255,0.7733881208437408,[0.64971649],0.005,0.1,1.9494116149228933,-0.11542966113344157,0
11.144376993179321,0.7698709439424808,[0.64464661],0.005,0.1,1.8730961458750706,-0.12873337468080479,0
11.155453443527222,0.7651813747408006,[0.63952164],0.005,0.1,1.7805067862374324,-0.18999350231230483,0
11.167359352111816,0.7601010081056472,[0.63432144],0.005,0.1,1.4028647710475284,-0.18040539176960133,0
11.17638087272644,0.7563884324876504,[0.62904935],0.005,0.1,1.5404301257606718,-0.125772401753039,0
11.186046600341797,0.7520896607194437,[0.6237286],0.005,0.1,1.5232313149992818,-0.13440687157815673,0
11.196362733840942,0.7477908889512369,[0.61837094],0.005,0.1,1.4411874412197516,-0.13974847348395317,0
11.205734014511108,0.743687515899767,[0.61297874],0.005,0.1,1.060519184193094,-0.14182971338025216,0
11.21331238746643,0.7405611364319802,[0.60756475],0.005,0.1,0.9193329740643525,-0.101312352608935,0
11.222429037094116,0.7370439595307202,[0.60215033],0.005,0.1,0.8710533672724844,-0.11135332366129186,0
11.23232913017273,0.7327451877625135,[0.59674663],0.005,0.1,0.8514101716382493,-0.1162304273361974,0
11.244629144668579,0.7274694224106234,[0.59134875],0.005,0.1,0.5584648258289145,-0.15529484746571673,0
11.252342462539673,0.7243430429428366,[0.58595487],0.005,0.1,0.5025125851357202,-0.10485363487803268,0
11.260335683822632,0.7212166634750498,[0.5805812],0.005,0.1,0.527472898999995,-0.104367140548954,0
11.2721688747406,0.7159408981231598,[0.57523684],0.005,0.1,0.5674149210095889,-0.13285787468501373,0
11.281501770019531,0.7118375250716897,[0.56992389],0.005,0.1,0.5977830898079517,-0.08787701738144604,0
11.289833307266235,0.708124949453693,[0.56465954],0.005,0.1,0.3360867690442769,-0.08517696708605771,0
11.300312042236328,0.7038261776854862,[0.5594598],0.005,0.1,0.5781116617156152,-0.08174170200355692,0
11.309242963790894,0.7001136020674896,[0.55433253],0.005,0.1,0.653374355886137,-0.07799320245184814,0
11.319460391998291,0.6960102290160194,[0.54928512],0.005,0.1,0.6527992179763624,-0.07399113409892313,0
11.328963994979858,0.6919068559645494,[0.54432428],0.005,0.1,0.6200799837239108,-0.07021803268121392,0
11.340576410293579,0.6868264893293958,[0.53945036],0.005,0.1,0.575786045152389,-0.08738854934647221,0
11.349368810653687,0.683309312428136,[0.53466359],0.005,0.1,0.5292714675768635,-0.0579267442621262,0
11.358336448669434,0.6794013380934025,[0.5299749],0.005,0.1,0.4845283563705166,-0.05645675217265242,0
11.366313219070435,0.6760795599088789,[0.5253983],0.005,0.1,0.44304250818780483,-0.03970009482485826,0
11.375325202941895,0.6721715855741456,[0.52094474],0.005,0.1,0.4051712997551017,-0.04267222862367234,0
11.38530707359314,0.6682636112394121,[0.51661739],0.005,0.1,0.3707974793270773,-0.044317181366071795,0
11.39751386642456,0.6631832446042588,[0.51240823],0.005,0.1,0.33963127396597564,-0.05966155408975915,0
11.40713357925415,0.6588844728360521,[0.50830521],0.005,0.1,0.311343924387424,-0.054041149595822534,0
11.41765570640564,0.6545857010678453,[0.50430271],0.005,0.1,0.2856220356982161,-0.04928079177610847,0
11.427026987075806,0.650677726733112,[0.50040057],0.005,0.1,0.2621859198378543,-0.04542660805336813,0
11.436360120773315,0.6467697523983785,[0.49659833],0.005,0.1,0.24079245380379216,-0.04212834700399836,0
11.44507622718811,0.6428617780636451,[0.4928994],0.005,0.1,0.221231970114648,-0.028757138380226338,0
11.454159021377563,0.6391492024456484,[0.48931025],0.005,0.1,0.20332341500012588,-0.0297561976095877,0
11.463325262069702,0.6358274242611249,[0.48583114],0.005,0.1,0.1869095253784029,-0.030408088479015973,0
11.47330927848816,0.6317240512096549,[0.48245696],0.005,0.1,0.171852642768908,-0.030667326561808362,0
11.48233437538147,0.6280114755916582,[0.47918621],0.005,0.1,0.1580312923999941,-0.021956227099094033,0
11.490330934524536,0.6242988999736614,[0.47602017],0.005,0.1,0.14533746447378787,-0.0248978677804972,0
11.498867988586426,0.6207817230724014,[0.47295374],0.005,0.1,0.13367447650647385,-0.027771365678968016,0
11.506332159042358,0.6176553436046146,[0.46997611],0.005,0.1,0.12295529300162171,-0.030686241202913564,0
11.514303207397461,0.6143335654200912,[0.46708053],0.005,0.1,0.3891395555621179,-0.022912197132655906,0
11.522308349609375,0.6110117872355679,[0.46426867],0.005,0.1,0.4132036835239034,-0.01826657936971432,0
11.532426357269287,0.6067130154673611,[0.4615352],0.005,0.1,0.07373613995118158,-0.035712213923693226,0
11.543161153793335,0.6018280475489444,[0.4588591],0.005,0.1,-0.043136242577545586,-0.03854937759120243,0
11.55298376083374,0.5979200732142109,[0.45622074],0.005,0.1,0.2104287640198687,-0.04129009618751365,0
11.56295895576477,0.5934259027292675,[0.45360667],0.005,0.1,0.256533753815527,-0.04391582085420817,0
11.572399377822876,0.5897133271112708,[0.45100408],0.005,0.1,0.22399826509402848,-0.0464347369895698,0
11.582096576690674,0.5856099540598008,[0.448401],0.005,0.1,0.16963430596600515,-0.04859856806666022,0
11.592235088348389,0.581897378441804,[0.44578652],0.005,0.1,0.11653511992975986,-0.050705166086674226,0
11.602826595306396,0.5774032079568606,[0.44315079],0.005,0.1,0.07253361473683657,-0.05221843617419234,0
11.613364934921265,0.5731044361886538,[0.44048513],0.005,0.1,0.03895144538525971,-0.053549173122140345,0
11.622283935546875,0.5691964618539204,[0.43778794],0.005,0.1,0.014637497006839507,-0.03802204623762609,0
11.630283832550049,0.5658746836693971,[0.43506384],0.005,0.1,-0.0022480839904398166,-0.04347899383740528,0
11.640641450881958,0.5615759119011904,[0.432305],0.005,0.1,-0.013506493293640044,-0.06620271985275672,0
11.651610851287842,0.5568863426995102,[0.42949319],0.005,0.1,-0.020651777624221775,-0.06335041906991419,0
11.660103797912598,0.5533691657982501,[0.42662544],0.005,0.1,-0.02486721035931246,-0.043728471928853985,0
11.668351888656616,0.5500473876137267,[0.42371181],0.005,0.1,-0.027039892136729388,-0.047503417231733576,0
11.679280042648315,0.5455532171287834,[0.42075546],0.005,0.1,-0.027817519862345434,-0.04981897397398861,0
11.689286231994629,0.5412544453605765,[0.41775377],0.005,0.1,0.24837397900163674,-0.05131282519968278,0
11.699290990829468,0.5371510723091065,[0.41470525],0.005,0.1,0.006215944737843704,-0.052069195955018265,0
11.709327220916748,0.5328523005408997,[0.41161531],0.005,0.1,-0.08087684434112657,-0.03647590580320267,0
11.717326402664185,0.5295305223563763,[0.40849514],0.005,0.1,-0.10052047241346942,-0.04095787307408794,0
11.726277112960815,0.5258179467383796,[0.40534897],0.005,0.1,-0.09350693563900478,-0.04398713700795025,0
11.735328674316406,0.5221053711203829,[0.40216957],0.005,0.1,-0.07812028054327838,-0.06270124395443756,0
11.745279788970947,0.5178065993521761,[0.39895174],0.005,0.1,-0.062023502449850984,-0.041991452242457254,0
11.754765510559082,0.5138986250174427,[0.39570343],0.005,0.1,-0.048012170559460235,-0.04323049633129897,0
11.763303518295288,0.5105768468329194,[0.39243224],0.005,0.1,0.23928000031977512,-0.044217258968452196,0
11.772117137908936,0.5066688724981859,[0.3891397],0.005,0.1,0.28107336920387993,-0.04429767555710504,0
11.783422470092773,0.5019793032965058,[0.38582778],0.005,0.1,0.2325025033270396,-0.043793263575063565,0
11.794227600097656,0.49768053152829916,[0.38249885],0.005,0.1,0.16127278833389003,-0.04306529936768556,0
11.8033127784729,0.49396795591030235,[0.37915558],0.005,0.1,0.09434529631397079,-0.04236957570399227,0
11.814291954040527,0.4890829879918856,[0.37580094],0.005,0.1,0.04038720001943858,-0.04106817601214746,0
11.824162244796753,0.4849796149404155,[0.37243798],0.005,0.1,0.0003726410442456002,-0.040181310873829396,0
11.837263107299805,0.4793130521550521,[0.36906471],0.005,0.1,-0.027553804401441024,-0.05187037537412449,0
11.845665454864502,0.47599127397052876,[0.36568005],0.005,0.1,-0.04595120700304565,-0.03424866104374527,0
11.853937149047852,0.4726694957860053,[0.36229397],0.005,0.1,-0.057233336830554385,-0.034322644271404947,0
11.862466096878052,0.46876152145127187,[0.35891537],0.005,0.1,-0.06339394411558759,-0.03405435605696563,0
11.872403860092163,0.4648535471165385,[0.35554703],0.005,0.1,-0.06597417842841699,-0.0335528677274463,0
11.88137936592102,0.46094557278180515,[0.35219164],0.005,0.1,-0.0661195979835882,-0.03288131174677381,0
11.891371965408325,0.4570375984470717,[0.34885655],0.005,0.1,0.21137841738314525,-0.02262281877773299,0
11.90036654472351,0.453325022829075,[0.34555294],0.005,0.1,0.24697809518780495,-0.024625116469475645,0
11.911324739456177,0.44883085234413156,[0.34228542],0.005,0.1,0.19495883237229478,-0.02569711051295255,0
11.92102599143982,0.44492287800939817,[0.33904842],0.005,0.1,0.3983087843021824,-0.03603764195664395,0
11.930330276489258,0.4414057011081381,[0.33583732],0.005,0.1,0.6404714271019099,-0.02403407153911589,0
11.940115690231323,0.437302328056668,[0.33265758],0.005,0.1,0.5653968374258549,-0.024451415926516312,0
11.95241928100586,0.43261275885498784,[0.32950943],0.005,0.1,0.6716896285606246,-0.033295924387939435,0
11.961415767669678,0.4287047845202545,[0.32638853],0.005,0.1,0.5320884507793933,-0.02194521469050853,0
11.974088191986084,0.4236244178851011,[0.32329586],0.005,0.1,0.6094869370549533,-0.030028188688488642,0
11.984370231628418,0.41893484868342096,[0.32022804],0.005,0.1,0.7347397595198913,-0.027198876353896426,0
11.993431568145752,0.4156130704988976,[0.31718231],0.005,0.1,0.5667484051764657,-0.025279190539003658,0
12.00367784500122,0.4117050961641642,[0.31416091],0.005,0.1,0.32944980236392685,-0.023479590758376405,0
12.012776374816895,0.40838331797964084,[0.31116587],0.005,0.1,0.3870059621290586,-0.022408137395031877,0
12.020761013031006,0.4052569385118541,[0.3082029],0.005,0.1,0.24788725386458027,-0.015198839222723226,0
12.03037405014038,0.40154436289385737,[0.30528081],0.005,0.1,0.3449355052970331,-0.01612660808293163,0
12.038387537002563,0.39822258470933397,[0.30240277],0.005,0.1,0.21941276423751746,-0.016728832935072803,0
12.048020124435425,0.3945100090913372,[0.29956715],0.005,0.1,0.043438531226119334,-0.01691888170252299,0
12.05631399154663,0.3913836296235505,[0.2967763],0.005,0.1,-0.11586724029635326,-0.01175627818230876,0
12.06532096862793,0.3880618514390271,[0.29403585],0.005,0.1,0.037891095932121116,-0.013100162431891509,0
12.075136423110962,0.3841538771042937,[0.29134624],0.005,0.1,-0.013251061856898547,-0.013899687462635452,0
12.085864067077637,0.3804413014862969,[0.28869976],0.005,0.1,0.155543203681355,-0.0198238691060055,0
12.093607425689697,0.37731492201851025,[0.28608966],0.005,0.1,0.08518120895583345,-0.013151590744373606,0
12.104262590408325,0.3732115489670402,[0.28351767],0.005,0.1,0.226195862594408,-0.013406329770084137,0
12.114280462265015,0.3691081759155701,[0.28098504],0.005,0.1,0.4057666624638133,-0.013474402988590988,0
12.123690128326416,0.36539560029757334,[0.27848884],0.005,0.1,0.28272652981606927,-0.013384910383378695,0
12.131276369094849,0.36266001826325994,[0.27603006],0.005,0.1,0.0822305837431026,-0.009220500251655092,0
12.14126706123352,0.3591428413619999,[0.27360941],0.005,0.1,0.1699396881747932,-0.014315182615643435,0
12.15129804611206,0.35543026574400316,[0.27122013],0.005,0.1,0.055708453090188514,-0.013542980225509975,0
12.162196636199951,0.35152229140926977,[0.26885636],0.005,0.1,0.1735262215891095,-0.012807719821909683,0
12.170280933380127,0.3485913106582197,[0.26652021],0.005,0.1,0.06555771888935079,-0.008620305194426667,0
12.18133282661438,0.3446833363234863,[0.2642134],0.005,0.1,0.18065171942858407,-0.012843169045404763,0
12.191211700439453,0.3411661594222262,[0.26193039],0.005,0.1,0.06749780559645986,-0.011988067007261818,0
12.200676202774048,0.33764898252096615,[0.25966981],0.005,0.1,0.17757569297631923,-0.007921899042535154,0
12.21377444267273,0.33295941331928613,[0.25743397],0.005,0.1,0.3364885134286479,-0.011495236130077148,0
12.222280025482178,0.32983303385149937,[0.25522135],0.005,0.1,0.20085652460448253,-0.007573720423311085,0
12.230344772338867,0.3269020531004493,[0.2530339],0.005,0.1,-0.006259093225309639,-0.007879619081075085,0
12.241259336471558,0.32318947748245264,[0.2508732],0.005,0.1,-0.1969653630885596,-0.007945183478446631,0
12.249279737472534,0.32045389544813924,[0.24873721],0.005,0.1,-0.06775168759687314,-0.008003510843840121,0
12.25917649269104,0.31693671854687916,[0.24662413],0.005,0.1,-0.13529972747174102,-0.007866722494994283,0
12.268754005432129,0.3132241429288824,[0.24453239],0.005,0.1,-0.2517473153888672,-0.007635396029629172,0
12.276276588439941,0.3106839596113057,[0.24246067],0.005,0.1,-0.0827561886080172,-0.0075114045266889,0
12.284394025802612,0.30775297886025565,[0.2404109],0.005,0.1,-0.1290073951980976,-0.005036653589354002,0
12.29227876663208,0.30501739682594226,[0.23839078],0.005,0.1,0.0418075445396255,-0.0035995141496660936,0
12.30141830444336,0.30228181479162886,[0.23640356],0.005,0.1,0.24956125431023438,-0.006468401589370127,0
12.310259103775024,0.29915543532384214,[0.23444557],0.005,0.1,0.15070294844449122,-0.004370510594272865,0
12.319082736968994,0.2964198532895288,[0.23251657],0.005,0.1,0.24612857595581344,-0.004841689786068635,0
12.3282949924469,0.29329347382174203,[0.23061621],0.005,0.1,0.38302921787581545,-0.005115485201063462,0
12.336318969726562,0.2905578917874287,[0.22874399],0.005,0.1,0.22663898217744727,-0.003525057563865473,0
12.346309900283813,0.2874315123196419,[0.22690223],0.005,0.1,0.5548802802399186,-0.0040301062932820006,0
12.354274988174438,0.2846959302853286,[0.22508979],0.005,0.1,0.41807180282131085,-0.004369724826130115,0
12.364277839660645,0.28137415210080513,[0.22330265],0.005,0.1,0.4285324064521067,-0.004508007660636145,0
12.373409509658813,0.2784431713497551,[0.22153737],0.005,0.1,0.47928375061356576,-0.004540070647702178,0
12.384276390075684,0.27473059573175834,[0.21979106],0.005,0.1,0.25157619314915985,-0.004444260212868516,0
12.393928289413452,0.2717996149807083,[0.21806123],0.005,0.1,0.25048875064033127,-0.00436666427254742,0
12.401976108551025,0.2694548303798682,[0.21634578],0.005,0.1,0.3195737342162077,-0.004293940997242408,0
12.409265041351318,0.2671100457790282,[0.21464566],0.005,0.1,0.39429320730135065,-0.0028642263240554844,0
12.419262886047363,0.2639836663112415,[0.21296445],0.005,0.1,0.4518987676346057,-0.003084388389178382,0
12.427263498306274,0.26124808427692814,[0.21130505],0.005,0.1,0.2115874467082886,-0.0021162777815066,0
12.435786485671997,0.25851250224261474,[0.20966983],0.005,0.1,0.19450535131040872,-0.002461452435493368,0
12.446254968643188,0.255386122774828,[0.20805802],0.005,0.1,0.2502146004426996,-0.0026611028814086577,0
12.45529580116272,0.253041338173988,[0.20646631],0.005,0.1,0.3157753299731974,-0.0027945361835131463,0
12.4652738571167,0.25030575613967454,[0.2048919],0.005,0.1,0.36826239362147406,-0.0028249313695722427,0
12.474253177642822,0.24815637025557122,[0.20333491],0.005,0.1,0.6781864057177025,-0.0019084717609591578,0
12.486281633377075,0.24522538950452114,[0.20179549],0.005,0.1,1.2800196757259275,-0.0030786641651879567,0
12.49427843093872,0.2434668010538911,[0.20026885],0.005,0.1,1.8461391693715568,-0.0029836306624701626,0
12.505297183990479,0.2409266177363144,[0.19874873],0.005,0.1,2.271042453203325,-0.0038700520447496715,0
12.517283201217651,0.23858183313547435,[0.1972302],0.005,0.1,3.0945667034658975,-0.0033898325413910975,0
12.527029991149902,0.23662784596810765,[0.19571185],0.005,0.1,3.300765777570362,-0.0030473457269682945,0
12.537294864654541,0.23486925751747764,[0.19419523],0.005,0.1,3.5054374912198947,-0.0028025897388777674,0
12.546257734298706,0.23330606778358423,[0.19268201],0.005,0.1,3.628664519314901,-0.0026231106433985563,0
12.554238557815552,0.23213367548316424,[0.19117606],0.005,0.1,3.382670889412812,-0.0017719115893219776,0
12.562265396118164,0.23076588446600757,[0.18968506],0.005,0.1,3.0239349466441428,-0.001267681233593397,0
12.570239067077637,0.22959349216558755,[0.18821554],0.005,0.1,2.6607685888987076,-0.0015089925390279883,0
12.580449104309082,0.2280303024316942,[0.18676673],0.005,0.1,2.609286382114322,-0.0023464114573763712,0
12.589014053344727,0.2266625114145375,[0.18533591],0.005,0.1,2.360598294964369,-0.0016053931707588668,0
12.59826397895813,0.22549011911411745,[0.18392486],0.005,0.1,2.0673334713556155,-0.001723595630400624,0
12.608847379684448,0.22412232809696078,[0.1825351],0.005,0.1,1.514588893757835,-0.0017928296285332854,0
12.616235494613647,0.22314533451327742,[0.18116778],0.005,0.1,1.2411765980727494,-0.00129046667614329,0
12.624270915985107,0.22236373964633074,[0.17982567],0.005,0.1,0.8187251544881551,-0.0014839793045989343,0
12.633251667022705,0.22119134734591073,[0.17851093],0.005,0.1,0.6947625373858298,-0.001107503629295269,0
12.644765853881836,0.22021435376222737,[0.17722327],0.005,0.1,0.6821290692116238,-0.001902723509811895,0
12.654254674911499,0.21923736017854403,[0.17595854],0.005,0.1,0.4235200374361483,-0.0019313063593150107,0
12.664236545562744,0.21845576531159733,[0.17471307],0.005,0.1,0.4057987094478217,-0.0019601501808804486,0
12.67324161529541,0.21767417044465065,[0.17348725],0.005,0.1,0.18810233020470224,-0.0014153973803972871,0
12.685266971588135,0.21689257557770397,[0.17228127],0.005,0.1,0.2211574282299421,-0.002199896760042986,0
12.695646524429321,0.21630637942749392,[0.17109147],0.005,0.1,0.04998178449338969,-0.0021830311221985197,0
12.706029415130615,0.2155247845605473,[0.16991285],0.005,0.1,0.12100579248419588,-0.0028684122834531952,0
12.715492963790894,0.21513398712707393,[0.16874294],0.005,0.1,-0.297005262054179,-0.0019910563522361844,0
12.725242614746094,0.2147431896936006,[0.16758314],0.005,0.1,-0.23742272386262664,-0.0020581139294973076,0
12.736233234405518,0.2141569935433906,[0.1664346],0.005,0.1,-0.30856501806080944,-0.002111064023865325,0
12.750052452087402,0.21376619610991726,[0.16529473],0.005,0.1,-0.40458089217407034,-0.0028667005888161354,0
12.761250495910645,0.2133753986764439,[0.16415958],0.005,0.1,-0.20946971255370217,-0.002715294548506714,0
12.77023720741272,0.2131799999597072,[0.16302754],0.005,0.1,-0.23121146888703903,-0.002626810300717716,0
12.78024172782898,0.21298460124297056,[0.16189902],0.005,0.1,-0.591912758946123,-0.00257335473087217,0
12.78825569152832,0.21278920252623387,[0.1607744],0.005,0.1,-0.9861228206463459,-0.002544409089500816,0
12.797873973846436,0.21259380380949724,[0.15965401],0.005,0.1,-1.0283509615655302,-0.0025418095381203785,0
12.807201862335205,0.21259380380949724,[0.15853815],0.005,0.1,-1.212915725358489,-0.0025572862266197358,0
12.817707300186157,0.21239840509276056,[0.15742706],0.005,0.1,-1.3936905878918222,-0.002570923857005398,0
12.82694149017334,0.21220300637602388,[0.15632098],0.005,0.1,-1.522173591283499,-0.0025881458965121462,0
12.834755182266235,0.21200760765928722,[0.15522179],0.005,0.1,-1.591140762291782,-0.0019384209863415355,0
12.845236539840698,0.21200760765928722,[0.15413269],0.005,0.1,-1.6087463836335139,-0.002151108621737914,0
12.854268550872803,0.21181220894255054,[0.15305469],0.005,0.1,-1.8632019210027801,-0.0023097643858619836,0
12.864288091659546,0.21181220894255054,[0.1519869],0.005,0.1,-1.8471797965020258,-0.0024425570008237397,0
12.872230291366577,0.21161681022581388,[0.15093015],0.005,0.1,-2.000980270654929,-0.0018740124547536173,0
12.881230354309082,0.21142141150907717,[0.1498867],0.005,0.1,-2.156229768237397,-0.002113332180441377,0
12.890239000320435,0.21142141150907717,[0.14885674],0.005,0.1,-2.2565736896046777,-0.0023059317782955363,0
12.899147748947144,0.21142141150907717,[0.14783871],0.005,0.1,-2.293093786095614,-0.0024506713969197342,0
12.910234928131104,0.21122601279234052,[0.1468297],0.005,0.1,-2.2746066672099476,-0.003309054889846197,0
12.922231674194336,0.2110306140756039,[0.14582567],0.005,0.1,-2.2146244975547753,-0.003138426728775668,0
12.93125319480896,0.2108352153588672,[0.14482645],0.005,0.1,-2.1261020398156427,-0.0022991406189084703,0
12.941248655319214,0.2108352153588672,[0.14383508],0.005,0.1,-2.019695651806127,-0.0024074624276189623,0
12.950222730636597,0.21063981664213055,[0.14285272],0.005,0.1,-1.9035115041496793,-0.0024653870494816383,0
12.961060285568237,0.21044441792539384,[0.14187758],0.005,0.1,-1.7834117678918526,-0.003161171760723047,0
12.969732522964478,0.21044441792539384,[0.14090834],0.005,0.1,-1.6634692207786606,-0.0022942408513435338,0
12.97731637954712,0.21024901920865718,[0.13994829],0.005,0.1,-1.5464047418722053,-0.0017623641397136473,0
12.987215280532837,0.21024901920865718,[0.13900173],0.005,0.1,-1.4339523950180824,-0.001911584351940405,0
12.99695372581482,0.2100536204919205,[0.13806847],0.005,0.1,-1.327143671846873,-0.0025219654182378538,0
13.006218671798706,0.20985822177518385,[0.13714714],0.005,0.1,-1.2265201288419307,-0.0018737841590547423,0
13.016260862350464,0.20985822177518385,[0.13623935],0.005,0.1,-1.1322884454753637,-0.0018984287106238989,0
13.024669170379639,0.20985822177518385,[0.13534666],0.005,0.1,-0.7683931397276145,-0.001892705934433094,0
13.03419804573059,0.20966282305844713,[0.13446944],0.005,0.1,-0.6536238976671422,-0.0018439193424945298,0
13.046573638916016,0.20946742434171048,[0.13360731],0.005,0.1,-0.6330359173334659,-0.0021473209014881084,0
13.056462526321411,0.20927202562497385,[0.13275934],0.005,0.1,-0.6390895885312095,-0.001912583886374783,0
13.067962646484375,0.20927202562497385,[0.13192614],0.005,0.1,-0.644902598932126,-0.001720941314683877,0
13.077668905258179,0.20907662690823717,[0.13110951],0.005,0.1,-0.6417948133931046,-0.001552815365357053,0
13.08621096611023,0.2088812281915005,[0.13031128],0.005,0.1,-0.9047418327318011,-0.0014053023749439687,0
13.095228672027588,0.2088812281915005,[0.12953386],0.005,0.1,-0.9165033038953088,-0.0011090495863670714,0
13.10378623008728,0.2086858294747638,[0.12878008],0.005,0.1,-0.8341503093785931,-0.0010727127382253378,0
13.113236665725708,0.2086858294747638,[0.12805172],0.005,0.1,-0.7271297221584782,-0.0010342150141038654,0
13.124778032302856,0.20849043075802715,[0.12734919],0.005,0.1,-0.6237745249937917,-0.0011031768321402098,0
13.132223844528198,0.20849043075802715,[0.12667334],0.005,0.1,-0.5337517765883146,-0.001121786291794354,0
13.142228126525879,0.20829503204129046,[0.12602634],0.005,0.1,-0.4587213775612867,-0.0010221955840613644,0
13.150234699249268,0.2080996333245538,[0.12540945],0.005,0.1,-0.39726963431851664,-0.0009436115577360571,0
13.1602144241333,0.2080996333245538,[0.12482263],0.005,0.1,-0.3470988138425842,-0.00088661823037915,0
13.169469356536865,0.20790423460781715,[0.12426579],0.005,0.1,-0.029889360943206905,-0.0008395761118140937,0
13.177213668823242,0.20790423460781715,[0.12373905],0.005,0.1,0.03735704819827315,-0.0007609660891668626,0
13.189224243164062,0.20770883589108044,[0.12324239],0.005,0.1,0.010890254934452392,-0.0007838242336321304,0
13.197339057922363,0.20770883589108044,[0.12277509],0.005,0.1,-0.04085418184296445,-0.0007563197048128189,0
13.206660985946655,0.2075134371743438,[0.12233642],0.005,0.1,-0.0904163266619328,-0.0007298428391719458,0
13.215445280075073,0.2075134371743438,[0.12192611],0.005,0.1,-0.12877397003473412,-0.0006965583645445431,0
13.224841594696045,0.20731803845760713,[0.12154396],0.005,0.1,-0.15469052406062056,-0.000687966169451554,0
13.23247218132019,0.20731803845760713,[0.12118944],0.005,0.1,-0.16982061576315488,-0.0006839636534545379,0
13.24120831489563,0.20731803845760713,[0.12086183],0.005,0.1,-0.17656490178493037,-0.00067399431966799,0
13.251232385635376,0.20712263974087047,[0.12056051],0.005,0.1,-0.17720876521194512,-0.0006708250579957837,0
13.25976037979126,0.20712263974087047,[0.12028459],0.005,0.1,-0.17363945332977104,-0.0006716919346693612,0
13.270211458206177,0.20712263974087047,[0.12003308],0.005,0.1,0.10873036486298593,-0.0006730999560025397,0
13.282885313034058,0.2069272410241338,[0.11980491],0.005,0.1,0.14988055657409094,-0.0006711654732715757,0
13.292896032333374,0.2067318423073971,[0.11959902],0.005,0.1,0.10374092545410674,-0.0006674136421843368,0
13.302235126495361,0.2067318423073971,[0.11941439],0.005,0.1,0.03701561018985793,-0.0006689923507138399,0
13.31200385093689,0.2067318423073971,[0.11925004],0.005,0.1,-0.02410467279091585,-0.0006711078307637129,0
13.322837591171265,0.2069272410241338,[0.11910549],0.005,0.1,0.20452033414210985,-0.000681937002863387,0
13.330461740493774,0.2067318423073971,[0.1189811],0.005,0.1,0.20451196942171695,-0.0006955034240411816,0
13.340198993682861,0.2067318423073971,[0.11887844],0.005,0.1,0.12843110469273827,-0.0008041924845373066,0
13.349222183227539,0.2067318423073971,[0.11880092],0.005,0.1,0.04076908600318643,-0.001018298514993086,0
13.358604907989502,0.2067318423073971,[0.11875327],0.005,0.1,-0.03445550974269186,-0.0013234765732647574,0
13.369232416152954,0.2067318423073971,[0.11874053],0.005,0.1,0.18506924368660263,-0.0016875096392689748,0
13.378894567489624,0.2067318423073971,[0.11876768],0.005,0.1,0.17953439379581654,-0.0020937724148924475,0
13.386324644088745,0.2067318423073971,[0.11883793],0.005,0.1,0.1004275603896632,-0.001870186507701769,0
13.396444320678711,0.2067318423073971,[0.11895423],0.005,0.1,0.011455715914055566,-0.0031494326069159253,0
13.404231786727905,0.2067318423073971,[0.11912054],0.005,0.1,-0.06392548026651938,-0.0025983825328793225,0
13.412202596664429,0.2067318423073971,[0.11933664],0.005,0.1,-0.11984095465858732,-0.002248824585564609,0
13.423234701156616,0.2067318423073971,[0.11960214],0.005,0.1,-0.1574264350443594,-0.003726301688749345,0
13.432216167449951,0.2067318423073971,[0.11991958],0.005,0.1,-0.18007929886627483,-0.0029836375000509823,0
13.442363023757935,0.2067318423073971,[0.12029064],0.005,0.1,-0.19145886444206994,-0.004470165399761551,0
13.451229095458984,0.20653644359066042,[0.1207162],0.005,0.1,-0.19474880414990758,-0.003424661199707468,0
13.460209131240845,0.2067318423073971,[0.12119464],0.005,0.1,-0.1924718101339755,-0.0037505527672717807,0
13.469260215759277,0.20634104487392377,[0.12172403],0.005,0.1,-0.18652523060040915,-0.003977560511956744,0
13.477188110351562,0.20634104487392377,[0.12230395],0.005,0.1,-0.45432695155301767,-0.004173420134708214,0
13.487959623336792,0.20634104487392377,[0.12293355],0.005,0.1,-0.4779030151838619,-0.004320483464494114,0
13.498065710067749,0.20634104487392377,[0.12361158],0.005,0.1,-0.41262412888503136,-0.004437599964034283,0
13.507224321365356,0.2061456461571871,[0.12433655],0.005,0.1,-0.6022238072376844,-0.004525587165440426,0
13.518199443817139,0.2061456461571871,[0.12510676],0.005,0.1,-0.5546053991555768,-0.0046003657563068,0
13.528151988983154,0.20595024744045046,[0.12592033],0.005,0.1,-0.4329949999872106,-0.004644874137374725,0
13.540220260620117,0.20595024744045046,[0.12677527],0.005,0.1,-0.30546921553121187,-0.004689136732207274,0
13.549748659133911,0.20575484872371377,[0.12766949],0.005,0.1,-0.196602945472861,-0.004705419373562022,0
13.561197519302368,0.20575484872371377,[0.12860088],0.005,0.1,-0.11207039501596469,-0.004723431014814264,0
13.57019829750061,0.20575484872371377,[0.12956727],0.005,0.1,-0.050089642117356066,-0.004726485524950418,0
13.579254865646362,0.2055594500069771,[0.13056644],0.005,0.1,-0.006545835377842431,-0.0046929146088832635,0
13.590213775634766,0.20536405129024043,[0.13159615],0.005,0.1,0.022866501442468126,-0.004635890862173441,0
13.601219892501831,0.20536405129024043,[0.13265404],0.005,0.1,0.041865762935627125,-0.004566837739550256,0
13.611024618148804,0.20516865257350375,[0.13373961],0.005,0.1,0.053399765334515445,-0.005730968700396972,0
13.62226414680481,0.20516865257350375,[0.13485385],0.005,0.1,0.059697696665245895,-0.005189497942114074,0
13.63025975227356,0.20516865257350375,[0.1359932],0.005,0.1,0.06239663379920739,-0.0036560282727455865,0
13.638235569000244,0.20497325385676707,[0.13715028],0.005,0.1,0.06267513714076678,-0.003638558951099824,0
13.64618730545044,0.20497325385676707,[0.1383185],0.005,0.1,0.06136924352058678,-0.002688480386717022,0
13.65518069267273,0.20497325385676707,[0.13949193],0.005,0.1,0.05906486294431365,-0.0028607562985528295,0
13.665253639221191,0.2047778551400304,[0.14066881],0.005,0.1,0.05616802352233913,-0.0037915883946573643,0
13.67517876625061,0.20458245642329373,[0.14184907],0.005,0.1,0.05295679555995603,-0.0026710305141941005,0
13.684849739074707,0.2047778551400304,[0.14302885],0.005,0.1,0.04961898625369349,-0.002671120802429324,0
13.693214893341064,0.20458245642329373,[0.14420448],0.005,0.1,0.046279173687848264,-0.0026021161034150584,0
13.704278469085693,0.20458245642329373,[0.14537431],0.005,0.1,0.04301793037567349,-0.002504663281951572,0
13.713775157928467,0.2043870577065571,[0.14653662],0.005,0.1,0.03988540742798613,-0.0023771924981378636,0
13.723685503005981,0.2043870577065571,[0.14768972],0.005,0.1,0.036910886908589034,-0.002247458040857224,0
13.731208324432373,0.2043870577065571,[0.14883055],0.005,0.1,0.03410947142688204,-0.0016144560532977414,0
13.743115186691284,0.20419165898982042,[0.14995638],0.005,0.1,0.031486751051713995,-0.002137421435227233,0
13.754340171813965,0.20399626027308376,[0.15106773],0.005,0.1,0.02904204635951272,-0.001965747836561937,0
13.764214038848877,0.20419165898982042,[0.15216495],0.005,0.1,0.026770652052431156,-0.0018105047449395771,0
13.773922681808472,0.20419165898982042,[0.15324656],0.005,0.1,0.30070374046175546,-0.0016080858371852313,0
13.784188985824585,0.20419165898982042,[0.15431058],0.005,0.1,0.3318805809437688,-0.0013635875207712313,0
13.792205572128296,0.20419165898982042,[0.15535342],0.005,0.1,0.2749837429302794,-0.0009072973354792478,0
13.801202774047852,0.20419165898982042,[0.15637079],0.005,0.1,0.47327613442731975,-0.0008769169885059777,0
13.809207439422607,0.20419165898982042,[0.15735896],0.005,0.1,0.43434623015050383,-0.0005578041486544448,0
13.819195985794067,0.20419165898982042,[0.15831358],0.005,0.1,0.32121527368529523,-0.00042281612110388637,0
13.829177618026733,0.20419165898982042,[0.15923028],0.005,0.1,0.20183187685959017,-0.00031560133777584965,0
13.83968448638916,0.20419165898982042,[0.16010561],0.005,0.1,0.1006960571123737,-0.0002355257543740049,0
13.849187850952148,0.20419165898982042,[0.16093658],0.005,0.1,0.023443410251053898,-0.00018011300588914093,0
13.858805894851685,0.20419165898982042,[0.16172087],0.005,0.1,-0.03172217296036936,-0.00014471981664599236,0
13.868205308914185,0.20419165898982042,[0.16245698],0.005,0.1,-0.06891359479083134,-0.0001237764509664701,0
13.878847122192383,0.20419165898982042,[0.16314438],0.005,0.1,-0.09242400337134547,-0.00011330319540818904,0
13.888423442840576,0.20419165898982042,[0.16378353],0.005,0.1,-0.10595306001462287,-0.00011135075967101827,0
13.89717721939087,0.20419165898982042,[0.16437595],0.005,0.1,-0.11242616385171197,-0.00011807379711260069,0
13.909180164337158,0.20419165898982042,[0.16492418],0.005,0.1,-0.1140482471899407,-0.00013488950029159726,0
13.918734788894653,0.20419165898982042,[0.16543178],0.005,0.1,-0.1124315271269938,-0.00016422326632288783,0
13.927229642868042,0.20419165898982042,[0.16590322],0.005,0.1,-0.10872991085530433,-0.00020921586626759323,0
13.93615984916687,0.20419165898982042,[0.1663438],0.005,0.1,-0.10375550616575688,-0.0002737793308801572,0
13.946661710739136,0.20419165898982042,[0.16675952],0.005,0.1,-0.09807133442268443,-0.0003604533718347338,0
13.954871416091919,0.20419165898982042,[0.1671558],0.005,0.1,-0.09206175430648833,-0.0003157743177196859,0
13.963184833526611,0.20419165898982042,[0.16753732],0.005,0.1,-0.08598447186454576,-0.00045382790208192003,0
13.974770784378052,0.20419165898982042,[0.16791195],0.005,0.1,-0.08000825927530755,-0.0008997878696950654,0
13.98341989517212,0.20419165898982042,[0.16828881],0.005,0.1,-0.07423997245929151,-0.000725887250651853,0
13.992774486541748,0.20419165898982042,[0.16867377],0.005,0.1,-0.06874373256778472,-0.0009499043051147376,0
14.001992464065552,0.20419165898982042,[0.169073],0.005,0.1,-0.06355445257454262,-0.0011965408114838819,0
14.01417088508606,0.20419165898982042,[0.16949439],0.005,0.1,-0.05868732343636329,-0.0014584778548751714,0
14.023590564727783,0.20419165898982042,[0.16994559],0.005,0.1,-0.054144433528531995,-0.0017333580227828684,0
14.031194925308228,0.20419165898982042,[0.17043158],0.005,0.1,-0.049919364533018276,-0.0013769440009500692,0
14.042318105697632,0.20419165898982042,[0.17095735],0.005,0.1,-0.0460003646060221,-0.002530103887629455,0
14.051158666610718,0.20419165898982042,[0.17152999],0.005,0.1,-0.04237252452994569,-0.0019363558975562514,0
14.06020736694336,0.20419165898982042,[0.1721532],0.005,0.1,-0.03901925724596056,-0.0023357191190370146,0
14.070215225219727,0.20419165898982042,[0.1728336],0.005,0.1,-0.035923292098034514,-0.003744235117891289,0
14.081691265106201,0.20419165898982042,[0.17358286],0.005,0.1,-0.033067332110848995,-0.0038196154988903042,0
14.091017723083496,0.20419165898982042,[0.17440496],0.005,0.1,-0.030434478197657044,-0.0027971708623034308,0
14.103138446807861,0.20419165898982042,[0.17530032],0.005,0.1,-0.028008492945425494,-0.004317383301380526,0
14.111186742782593,0.20399626027308376,[0.1762755],0.005,0.1,-0.0257739546846022,-0.0042288983530769245,0
14.124179601669312,0.20399626027308376,[0.17733902],0.005,0.1,-0.023716337168353523,-0.005442621603256076,0
14.13718581199646,0.20380086155634705,[0.17849755],0.005,0.1,-0.2978603990926059,-0.004870593192690878,0
14.147669553756714,0.20380086155634705,[0.17975236],0.005,0.1,-0.32924134556329926,-0.004419977188819262,0
14.157643556594849,0.20380086155634705,[0.18109987],0.005,0.1,-0.5485776525604363,-0.00402274878268718,0
14.167917966842651,0.2036054628396104,[0.18253577],0.005,0.1,-0.5041403958082261,-0.0036076171210299734,0
14.1772301197052,0.2036054628396104,[0.1840517],0.005,0.1,-0.3771614455619473,-0.0024249168496151634,0
14.18517017364502,0.2034100641228737,[0.185636],0.005,0.1,-0.24320413321062798,-0.00233265502906281,0
14.1949143409729,0.2034100641228737,[0.18728106],0.005,0.1,-0.12953322800970862,-0.002176631041185874,0
14.205157995223999,0.20321466540613706,[0.18898591],0.005,0.1,-0.04243761916327634,-0.00246541136338855,0
14.215800523757935,0.20321466540613706,[0.19074846],0.005,0.1,0.02006183000614765,-0.0015177839096237823,0
14.223160743713379,0.20321466540613706,[0.19255624],0.005,0.1,0.06252567845731148,-0.0009517703664467966,0
14.233229160308838,0.20321466540613706,[0.19439464],0.005,0.1,0.08971962412998678,-0.0008349436804316332,0
14.24219799041748,0.20321466540613706,[0.19625692],0.005,0.1,0.10575317594062031,-0.000652316802052664,0
14.251160144805908,0.20321466540613706,[0.19813991],0.005,0.1,0.3899160276510493,-0.00042732773667211987,0
14.263428926467896,0.20321466540613706,[0.20004327],0.005,0.1,0.42570822009373743,-0.0001913515055198816,0
14.272243976593018,0.20321466540613706,[0.20196908],0.005,0.1,0.6456544047256594,0.00011998457160048086,0
14.282360076904297,0.20321466540613706,[0.20391546],0.005,0.1,0.5993221872270593,0.0003967014389379135,0
14.291894912719727,0.20321466540613706,[0.20587724],0.005,0.1,0.46885957932044114,0.0006478093395503962,0
14.301248788833618,0.20321466540613706,[0.20784948],0.005,0.1,0.3304685662528531,0.0008789005455871652,0
14.3112473487854,0.20321466540613706,[0.2098275],0.005,0.1,0.21185327641123997,0.0010905303355887776,0
14.320184230804443,0.20321466540613706,[0.21180416],0.005,0.1,0.1196004352013628,0.0009268032028218779,0
14.330166101455688,0.20321466540613706,[0.21377034],0.005,0.1,0.05192913705836457,0.0011662661456803797,0
14.340430736541748,0.20321466540613706,[0.21572075],0.005,0.1,0.004407492785370802,0.0013838598458244637,0
14.350155353546143,0.20321466540613706,[0.21765333],0.005,0.1,-0.0276497404430372,0.001571447921021287,0
14.359007120132446,0.20321466540613706,[0.21956604],0.005,0.1,-0.04830476211637442,0.0017286979057674957,0
14.368151187896729,0.20321466540613706,[0.22145686],0.005,0.1,-0.06078416040564859,0.0018588968585390967,0
14.377159833908081,0.20321466540613706,[0.22332154],0.005,0.1,-0.06753051236542429,0.001435903925259021,0
14.386756658554077,0.20321466540613706,[0.22515633],0.005,0.1,-0.07033865038635928,0.0022279055505477026,0
14.397033929824829,0.20321466540613706,[0.2269626],0.005,0.1,-0.07050107349037338,0.0022480051044487886,0
14.407145023345947,0.20321466540613706,[0.22874141],0.005,0.1,-0.06893470311949187,0.0022608201982011428,0
14.41565227508545,0.20321466540613706,[0.23048915],0.005,0.1,-0.06628205518272758,0.0016851656114758634,0
14.424468040466309,0.20321466540613706,[0.23220077],0.005,0.1,-0.06298824431554158,0.0018623203119291546,0
14.436191320419312,0.20321466540613706,[0.23387639],0.005,0.1,-0.059357944117738475,0.002682935859313365,0
14.444190740585327,0.20321466540613706,[0.23551858],0.005,0.1,-0.055596756063646474,0.001967705088537012,0
14.452128410339355,0.20321466540613706,[0.23712362],0.005,0.1,-0.05184088677734315,0.001527438183688101,0
14.461138725280762,0.20321466540613706,[0.23868677],0.005,0.1,-0.04817825465733737,0.0018236468265205568,0
14.470198154449463,0.20321466540613706,[0.2402087],0.005,0.1,-0.04466340595179241,0.0020923122169535066,0
14.478847742080688,0.20321466540613706,[0.2416927],0.005,0.1,-0.041328003888335824,0.002336467381852149,0
14.491126537322998,0.20321466540613706,[0.2431422],0.005,0.1,-0.03818817398902844,0.0025704350945254164,0
14.500142574310303,0.20321466540613706,[0.24456081],0.005,0.1,-0.0352496279195772,0.0028033003361070162,0
14.50917387008667,0.20321466540613706,[0.24595008],0.005,0.1,-0.03251122346150033,0.0021717366112461323,0
14.523279190063477,0.20321466540613706,[0.24731433],0.005,0.1,-0.02996742676778273,0.004741772434483243,0
14.533422946929932,0.20321466540613706,[0.24866463],0.005,0.1,-0.027610006024781704,0.004603639250896427,0
14.544156312942505,0.20321466540613706,[0.2500086],0.005,0.1,-0.025429188206784296,0.004562071773842049,0
14.554165601730347,0.20321466540613706,[0.25134618],0.005,0.1,-0.0234144416575761,0.0033746081507993126,0
14.568191766738892,0.20321466540613706,[0.25268008],0.005,0.1,-0.021554998601376683,0.006653236287897513,0
14.579160928726196,0.20321466540613706,[0.25402012],0.005,0.1,-0.019840197467387428,0.006270993148042531,0
14.587177276611328,0.20321466540613706,[0.25536996],0.005,0.1,-0.018259700878199198,0.0045322846662122895,0
14.596675872802734,0.20321466540613706,[0.25672561],0.005,0.1,-0.016803628293844266,0.0048953427756985,0
14.60613465309143,0.20321466540613706,[0.25808637],0.005,0.1,-0.01546263049054697,0.005279090145684889,0
14.61513090133667,0.20321466540613706,[0.25945448],0.005,0.1,-0.014227924783490126,0.00566881598422266,0
14.626124620437622,0.20321466540613706,[0.26083212],0.005,0.1,-0.013091304118361664,0.006074073845771512,0
14.634159803390503,0.20321466540613706,[0.26221867],0.005,0.1,-0.012045129113688175,0.004658372157966134,0
14.642153024673462,0.20321466540613706,[0.26361114],0.005,0.1,-0.0110823093132049,0.005497957095827467,0
14.650526523590088,0.20321466540613706,[0.2650129],0.005,0.1,-0.01019627793880424,0.008587611151462768,0
14.661365032196045,0.20321466540613706,[0.26643283],0.005,0.1,-0.009380963063472659,0.008813106849922363,0
14.6701340675354,0.20321466540613706,[0.267873],0.005,0.1,-0.008630757170392644,0.006626232128128825,0
14.68040657043457,0.20321466540613706,[0.26932951],0.005,0.1,-0.00794048640323813,0.0076030654956657975,0
14.690131902694702,0.20321466540613706,[0.27080224],0.005,0.1,-0.007305380355552135,0.00852744998184482,0
14.698571681976318,0.20321466540613706,[0.27229427],0.005,0.1,-0.006721042932328697,0.009387895301684565,0
14.70779538154602,0.20321466540613706,[0.27380844],0.005,0.1,-0.006183424601406729,0.010206990374811672,0
14.718241691589355,0.20321466540613706,[0.27534726],0.005,0.1,-0.005688796205864119,0.010945191799091336,0
14.727234363555908,0.20321466540613706,[0.27690965],0.005,0.1,-0.005233724410196395,0.008466198022185498,0
14.735191345214844,0.20321466540613706,[0.27849162],0.005,0.1,-0.004815048787942885,0.010056683039850911,0
14.74414324760437,0.20321466540613706,[0.28009345],0.005,0.1,-0.004429860516301614,0.011589306659811463,0
14.755921840667725,0.20321466540613706,[0.28172272],0.005,0.1,-0.004075482616973701,0.017772808426267835,0
14.764579057693481,0.20321466540613706,[0.28338629],0.005,0.1,-0.003749451666999309,0.013244868374566439,0
14.775097608566284,0.20321466540613706,[0.28508307],0.005,0.1,-0.003449500895207888,0.014993351221936924,0
14.78559684753418,0.20321466540613706,[0.28681638],0.005,0.1,-0.0031735445766892688,0.022616379924329973,0
14.796084642410278,0.20321466540613706,[0.28859695],0.005,0.1,-0.0029196636377227564,0.022745948353387793,0
14.805879354476929,0.20321466540613706,[0.29042989],0.005,0.1,-0.002686092385722987,0.023007041052945005,0
14.814208030700684,0.20321466540613706,[0.29231123],0.005,0.1,-0.002471206282177783,0.017075567370035908,0
14.823817729949951,0.20321466540613706,[0.29423283],0.005,0.1,-0.0022735106807224075,0.0188458426735619,0
14.831107139587402,0.2034100641228737,[0.29618697],0.005,0.1,-0.002091630457047813,0.014483003319029453,0
14.841143608093262,0.2036054628396104,[0.29816993],0.005,0.1,-0.0019243004620322249,0.022382302072136477,0
14.849751710891724,0.2036054628396104,[0.30018491],0.005,0.1,-0.001770356734153412,0.02224893054816706,0
14.857142210006714,0.2036054628396104,[0.30222643],0.005,0.1,0.2744096312669012,0.022716015264615887,0
14.867146015167236,0.2036054628396104,[0.30428197],0.005,0.1,0.3076645325498343,0.029375443997064127,0
14.87511134147644,0.20380086155634705,[0.30634788],0.005,0.1,0.5287255099538578,0.02086266833219523,0
14.883938312530518,0.20399626027308376,[0.30842108],0.005,0.1,0.48587539236398103,0.021607284573083873,0
14.89514422416687,0.20399626027308376,[0.31049913],0.005,0.1,0.3603569198197768,0.02255827117521776,0
14.906963586807251,0.20419165898982042,[0.31258765],0.005,0.1,0.5037818234045217,0.03099970518998813,0
14.917802810668945,0.20419165898982042,[0.31469547],0.005,0.1,0.42447202086215163,0.0300343782169939,0
14.92664885520935,0.2043870577065571,[0.31682648],0.005,0.1,0.2834168411795547,0.02946587712180054,0
14.93665885925293,0.20458245642329373,[0.31898007],0.005,0.1,0.14587913210334297,0.02927671187118425,0
14.946106195449829,0.2047778551400304,[0.32115556],0.005,0.1,0.30989402338030997,0.02931462196108958,0
14.955101490020752,0.20497325385676707,[0.3233483],0.005,0.1,0.26008893466913113,0.02187708070474958,0
14.964457511901855,0.20516865257350375,[0.3255503],0.005,0.1,0.14777571204086384,0.024202299027741722,0
14.976181745529175,0.2055594500069771,[0.32776233],0.005,0.1,0.31093943372485433,0.03440550904986486,0
14.984097719192505,0.2055594500069771,[0.32998864],0.005,0.1,0.25203599147405575,0.025186327936168706,0
14.992135286331177,0.20575484872371377,[0.33222104],0.005,0.1,0.40583250424489886,0.01949189419600589,0
15.000102519989014,0.20595024744045046,[0.33444846],0.005,0.1,0.3179887153766311,0.022499403588140707,0
15.008818864822388,0.2061456461571871,[0.33666893],0.005,0.1,0.16521120468101985,0.024740508257341264,0
15.018271207809448,0.20653644359066042,[0.33888416],0.005,0.1,0.2946085878116802,0.026209176723148122,0
15.028128623962402,0.2069272410241338,[0.34109525],0.005,0.1,0.21070712122715318,0.02717341318401278,0
15.036132097244263,0.2069272410241338,[0.34329923],0.005,0.1,0.07153621823067066,0.02077812463838133,0
15.045090913772583,0.20731803845760713,[0.34548978],0.005,0.1,0.21619095333878086,0.022996410509076234,0
15.054748058319092,0.2075134371743438,[0.34766491],0.005,0.1,0.14612049312728576,0.02471734329025909,0
15.06605076789856,0.20790423460781715,[0.34982981],0.005,0.1,0.018468461545532278,0.033892071242882495,0
15.075175523757935,0.20829503204129046,[0.35198883],0.005,0.1,0.1723457881232234,0.02482880718509377,0
15.083138227462769,0.20849043075802715,[0.35413878],0.005,0.1,0.1095323668423324,0.026117866168428174,0
15.095451593399048,0.2088812281915005,[0.35628036],0.005,0.1,-0.012435313607758826,0.035323364491784075,0
15.104113340377808,0.20927202562497385,[0.35841765],0.005,0.1,0.14591077721715842,0.02590406311104951,0
15.11368989944458,0.20966282305844713,[0.36054734],0.005,0.1,0.08664285613060906,0.02715975457453278,0
15.121222972869873,0.20985822177518385,[0.36266674],0.005,0.1,-0.032475586058556945,0.028302086336394625,0
15.129878759384155,0.21024901920865718,[0.36477366],0.005,0.1,0.12819467468456408,0.021898027574041183,0
15.13985562324524,0.21063981664213055,[0.36686307],0.005,0.1,0.07085285245578732,0.024554841076957105,0
15.149070024490356,0.2110306140756039,[0.36893436],0.005,0.1,-0.046644148495940896,0.026767832165587722,0
15.160218000411987,0.21142141150907717,[0.37099413],0.005,0.1,0.11541140264500596,0.037197190644422465,0
15.168506622314453,0.21181220894255054,[0.37304829],0.005,0.1,0.05926902433258928,0.02774211169885725,0
15.180009126663208,0.21220300637602388,[0.37509516],0.005,0.1,-0.057177263676443164,0.02961963253086915,0
15.190126180648804,0.21278920252623387,[0.37713711],0.005,0.1,0.10580787095672559,0.04054244019503163,0
15.199095964431763,0.2131799999597072,[0.37917979],0.005,0.1,0.05049469397022317,0.03013742240491202,0
15.208855152130127,0.21357079739318058,[0.3812212],0.005,0.1,-0.06520697205802084,0.032089150154567946,0
15.219130754470825,0.2141569935433906,[0.38325997],0.005,0.1,0.09845042833102977,0.033921124327369226,0
15.229105949401855,0.2145477909768639,[0.3852989],0.005,0.1,0.04374677721389443,0.0358322390209192,0
15.238743782043457,0.21513398712707393,[0.38734098],0.005,0.1,0.2046379595761197,0.03780296520643735,0
15.249800443649292,0.21572018327728396,[0.38938946],0.005,0.1,0.12588733847628986,0.04003519530794051,0
15.258403301239014,0.2161109807107573,[0.39144792],0.005,0.1,-0.016575973391071003,0.04254707420390868,0
15.269104719161987,0.2166971768609673,[0.39352017],0.005,0.1,0.12375052892859915,0.045168381697928486,0
15.277798652648926,0.21728337301117734,[0.3956102],0.005,0.1,0.05094994994992826,0.04797406584658958,0
15.287861585617065,0.21786956916138733,[0.39772205],0.005,0.1,-0.0772568386002573,0.0508362923656931,0
15.298131465911865,0.21845576531159733,[0.39985966],0.005,0.1,0.07802030493394382,0.05360920915638953,0
15.306102275848389,0.21904196146180732,[0.40202217],0.005,0.1,0.018102013989932317,0.0415459671038763,0
15.317132472991943,0.21962815761201734,[0.40420908],0.005,0.1,0.17609640393410228,0.06358899561641011,0
15.326157331466675,0.22040975247896405,[0.40642899],0.005,0.1,0.37212658618765937,0.06428975837359935,0
15.337008237838745,0.22119134734591073,[0.40868893],0.005,0.1,0.26265468022373645,0.0649070821941479,0
15.345099449157715,0.22177754349612072,[0.41098537],0.005,0.1,0.3484972675029277,0.04903232277311962,0
15.35532259941101,0.22275453707980408,[0.41331025],0.005,0.1,0.47673906281332046,0.05380248342285945,0
15.366449356079102,0.22334073323001408,[0.41566526],0.005,0.1,0.3125082335683487,0.07527772442494032,0
15.379085540771484,0.22451312553043412,[0.41806442],0.005,0.1,0.3575933376489443,0.09133043219436755,0
15.387914896011353,0.22529472039738077,[0.42051388],0.005,0.1,0.4572208824332674,0.06417949740411343,0
15.39712142944336,0.22627171398106416,[0.4230002],0.005,0.1,0.5499952090259869,0.047938448733306604,0
15.406071424484253,0.2270533088480108,[0.42550679],0.005,0.1,0.6163357348000711,0.05142412673099571,0
15.415525913238525,0.2280303024316942,[0.42802734],0.005,0.1,0.9302022076745612,0.05344853406564671,0
15.427581787109375,0.22939809344885087,[0.43056384],0.005,0.1,0.976936619498459,0.06944718088886392,0
15.435085773468018,0.22998428959906086,[0.43311703],0.005,0.1,0.917051729983537,0.05049264741729039,0
15.44509220123291,0.2311566818994809,[0.4356787],0.005,0.1,0.8232089336855432,0.05105858334989722,0
15.455151557922363,0.23213367548316424,[0.43824111],0.005,0.1,0.7263833154958003,0.051269678869051864,0
15.463844299316406,0.2331106690668476,[0.44080108],0.005,0.1,0.36223913664833673,0.05117131893255469,0
15.474141836166382,0.23408766265053094,[0.44335546],0.005,0.1,0.25289726528900486,0.0508941327014597,0
15.486415386199951,0.23526005495095098,[0.44590492],0.005,0.1,0.2433419253156535,0.06397828250604294,0
15.496713399887085,0.236432447251371,[0.4484534],0.005,0.1,0.2648132599397344,0.0594958163898787,0
15.506121397018433,0.23760483955179101,[0.45099686],0.005,0.1,0.012979511407653271,0.044080621411664946,0
15.515138149261475,0.23858183313547435,[0.45352463],0.005,0.1,-0.003127456137822407,0.04561885337278043,0
15.526594161987305,0.23994962415263102,[0.45603488],0.005,0.1,-0.21627090657699044,0.05935156245883132,0
15.534626245498657,0.24053582030284107,[0.45852976],0.005,0.1,-0.44976759804555855,0.044426430640411727,0
15.544393539428711,0.24170821260326106,[0.46100405],0.005,0.1,-0.3640180908913646,0.045909548419769686,0
15.552083253860474,0.24248980747020776,[0.46345008],0.005,0.1,-0.46343385672790244,0.03654860461231519,0
15.561134099960327,0.24385759848736446,[0.46586172],0.005,0.1,-0.3219842789990993,0.04040458401408123,0
15.56918215751648,0.24463919335431117,[0.46823793],0.005,0.1,-0.40202602874143,0.043895316013440204,0
15.581810712814331,0.2462023830882045,[0.47058581],0.005,0.1,-0.25731738145484206,0.06003543836026732,0
15.59414029121399,0.2475701741053612,[0.47291597],0.005,0.1,-0.3406843004106226,0.059176750836403676,0
15.604122400283813,0.2487425664057812,[0.47523458],0.005,0.1,-0.20152526581122077,0.059162834455187725,0
15.614100217819214,0.24991495870620126,[0.47754395],0.005,0.1,-0.29077314722987707,0.05986448586082399,0
15.624066352844238,0.2510873510066213,[0.47984675],0.005,0.1,-0.4331216803700767,0.06101023613544251,0
15.633164167404175,0.25225974330704126,[0.4821418],0.005,0.1,-0.2842865822248295,0.0475808265044933,0
15.641132831573486,0.2534321356074613,[0.48442456],0.005,0.1,-0.3425959441452546,0.052675664078880906,0
15.651098251342773,0.25440912919114467,[0.48669968],0.005,0.1,-0.4524158921121998,0.07359829743085093,0
15.66211223602295,0.25577692020830134,[0.48897936],0.005,0.1,-0.5525274679670671,0.07189827354693219,0
15.671092510223389,0.25694931250872133,[0.49126573],0.005,0.1,-0.3478230592951267,0.054487009531609495,0
15.680115222930908,0.2581217048091414,[0.49355226],0.005,0.1,-0.3557262242203622,0.057827024604535496,0
15.690077304840088,0.2594894958262981,[0.49584093],0.005,0.1,-0.42631871181746167,0.07613062474443033,0
15.699079275131226,0.26085728684345477,[0.49813687],0.005,0.1,-0.2225304044509369,0.05646079157846609,0
15.707048892974854,0.26183428042713813,[0.50043225],0.005,0.1,-0.24247925433106082,0.04469940763497738,0
15.717729091644287,0.26359286887776817,[0.50271972],0.005,0.1,-0.051733076636700515,0.0620235756573585,0
15.727817058563232,0.26496065989492484,[0.50500377],0.005,0.1,0.17123592309432903,0.060561090039399815,0
15.7368004322052,0.2663284509120815,[0.50728765],0.005,0.1,0.08412337081645661,0.05906837707654992,0
15.74605655670166,0.2676962419292382,[0.50956994],0.005,0.1,0.18874482295340933,0.05777371873595008,0
15.75487995147705,0.2690640329463949,[0.5118457],0.005,0.1,0.05692325105179469,0.044913101742490816,0
15.763681888580322,0.27023642524681496,[0.51410733],0.005,0.1,0.14936840473712323,0.047897701590743635,0
15.772194385528564,0.271408817547235,[0.51634862],0.005,0.1,0.018632084325710244,0.03936108053064329,0
15.781052350997925,0.272581209847655,[0.51856472],0.005,0.1,-0.15935235487861085,0.04419909584664393,0
15.790082931518555,0.27394900086481166,[0.52075553],0.005,0.1,-0.31682141662685687,0.04828523394347741,0
15.80065655708313,0.2753167918819684,[0.5229251],0.005,0.1,-0.4339635481025712,0.05160156329070662,0
15.808557033538818,0.27629378546565175,[0.52507738],0.005,0.1,-0.5106558404729107,0.054487284070532695,0
15.819142818450928,0.27785697519954505,[0.52721623],0.005,0.1,-0.5536238790152851,0.05674869379067459,0
15.828715324401855,0.2792247662167018,[0.52934535],0.005,0.1,-0.5709252939538018,0.05875583574239057,0
15.837066411972046,0.28039715851712177,[0.53146453],0.005,0.1,-0.569823683726143,0.04714023784614103,0
15.845194101333618,0.28176494953427844,[0.53357021],0.005,0.1,-0.5561677211334941,0.05212639760566704,0
15.854859352111816,0.2831327405514352,[0.53566354],0.005,0.1,-0.25835151763963593,0.05627398554699095,0
15.866237163543701,0.2846959302853286,[0.53775349],0.005,0.1,-0.1985589367064421,0.07592808003007241,0
15.87556791305542,0.28606372130248525,[0.53984798],0.005,0.1,-0.22438784537459228,0.058082792466974786,0
15.88365650177002,0.2876269110363786,[0.54194616],0.005,0.1,-0.2701867269029581,0.06129426004860541,0
15.89308476448059,0.2889947020535353,[0.5440474],0.005,0.1,-0.31047191147907455,0.06391988481083126,0
15.903631210327148,0.29036249307069195,[0.54615498],0.005,0.1,-0.3376018376293536,0.0658067070895611,0
15.912135362625122,0.2917302840878486,[0.54826768],0.005,0.1,-0.0752515028677082,0.052189173251109805,0
15.9235999584198,0.29368427125521535,[0.55038426],0.005,0.1,-0.04467042934143119,0.0724821062499614,0
15.931208848953247,0.2946612648388987,[0.55251121],0.005,0.1,-0.09399341675082741,0.07187684305431799,0
15.939834833145142,0.29583365713931875,[0.55464994],0.005,0.1,-0.15854622317273273,0.055934253784025015,0
15.949672937393188,0.29759224558994873,[0.55679375],0.005,0.1,0.062202916260260824,0.059474779471802526,0
15.958048820495605,0.29896003660710546,[0.5589406],0.005,0.1,0.05609215109245378,0.062256832739404036,0
15.971156358718872,0.3007186250577355,[0.56109612],0.005,0.1,0.2534587958906504,0.08041301534195953,0
15.97969365119934,0.3020864160748922,[0.56326474],0.005,0.1,0.47580399863555534,0.06073498936757623,0
15.989126205444336,0.3036496058087855,[0.56544235],0.005,0.1,0.3821987008554466,0.06235450570969259,0
15.999133110046387,0.30501739682594226,[0.56762507],0.005,0.1,0.4760943237529578,0.06343145388984524,0
16.0090434551239,0.3065805865598356,[0.56981296],0.005,0.1,0.33077358319438993,0.06387871348027868,0
16.01845383644104,0.30814377629372897,[0.57200565],0.005,0.1,0.13206683131075253,0.06383734081060585,0
16.029075860977173,0.3100977634610957,[0.57420226],0.005,0.1,-0.04766073533736387,0.06297374906936999,0
16.041630506515503,0.3122471493451991,[0.57640475],0.005,0.1,0.08948152182619995,0.07607704324005882,0
16.04941725730896,0.31361494036235577,[0.5786142],0.005,0.1,0.02548669545547752,0.05730199299149414,0
16.059385776519775,0.3151781300962491,[0.58082455],0.005,0.1,-0.0914210951483349,0.057968974529438236,0
16.069066524505615,0.31713211726361584,[0.58303077],0.005,0.1,0.07398103279997181,0.058739734607725774,0
16.0772066116333,0.3186953069975092,[0.58522883],0.005,0.1,0.02193441813961375,0.04748666831438739,0
16.085121154785156,0.3198676992979292,[0.58741225],0.005,0.1,0.18553331180576998,0.051827346926528406,0
16.095314502716064,0.3216262877485592,[0.58958308],0.005,0.1,0.10922150993611571,0.06960856468402207,0
16.106630563735962,0.32358027491592595,[0.59175064],0.005,0.1,-0.03115295166007019,0.06885365336516086,0
16.114675521850586,0.32475266721634594,[0.59391615],0.005,0.1,0.11092775311367145,0.05450852374253429,0
16.12405252456665,0.3263158569502393,[0.59607391],0.005,0.1,0.03959419483549077,0.058914085176115384,0
16.13306498527527,0.32787904668413265,[0.59821957],0.005,0.1,-0.08738051041057698,0.04907362138239865,0
16.141052722930908,0.32944223641802606,[0.60034997],0.005,0.1,-0.2070979048586607,0.05589392799407745,0
16.149110317230225,0.33081002743518273,[0.60246703],0.005,0.1,-0.29924696542632034,0.06208767552768134,0
16.15803551673889,0.33237321716907614,[0.60457698],0.005,0.1,-0.36141973739148536,0.06744369521100467,0
16.166043758392334,0.3337410081862328,[0.60668175],0.005,0.1,-0.39779028090462987,0.05568353685183651,0
16.17584776878357,0.33549959663686285,[0.60877947],0.005,0.1,-0.4141686202178476,0.06337247581272981,0
16.188236236572266,0.3378443812377029,[0.61087722],0.005,0.1,-0.13998920218785693,0.08881992753941895,0
16.197848081588745,0.33940757097159613,[0.61298947],0.005,0.1,-0.09870276497150823,0.08829038277834854,0
16.207033157348633,0.3411661594222262,[0.61512002],0.005,0.1,-0.13906785746858785,0.06835759154466989,0
16.215628147125244,0.34253395043938295,[0.6172635],0.005,0.1,0.07965179900934741,0.07334692069613127,0
16.225040435791016,0.3444879376067496,[0.61941937],0.005,0.1,0.06324582865966506,0.0769746752226031,0
16.233827352523804,0.34605112734064297,[0.62159107],0.005,0.1,-0.02651240910602764,0.07966343183208024,0
16.245076417922974,0.3480051145080097,[0.6237812],0.005,0.1,-0.12251786289489977,0.08125361001452822,0
16.25311040878296,0.34956830424190305,[0.62598743],0.005,0.1,0.07521469001006904,0.06418545983603874,0
16.2628755569458,0.35132689269253303,[0.62820744],0.005,0.1,0.05302076005971427,0.08887241565795244,0
16.272041082382202,0.35289008242642644,[0.63044305],0.005,0.1,0.23962945987845136,0.06868641326364902,0
16.28353977203369,0.3552348670272665,[0.63269547],0.005,0.1,0.4551413999987547,0.09224133224991338,0
16.29271173477173,0.3569934554778965,[0.63496952],0.005,0.1,0.6335512180733474,0.08970330690656547,0
16.302987098693848,0.3591428413619999,[0.63726891],0.005,0.1,0.48247531311946057,0.08750505917854828,0
16.312058210372925,0.3607060310958933,[0.63959223],0.005,0.1,0.5242580832128769,0.08594529740122106,0
16.32182478904724,0.36266001826325994,[0.64193776],0.005,0.1,0.33787316367652426,0.08462366679563327,0
16.33005166053772,0.36441860671389,[0.64429964],0.005,0.1,0.1093769048272149,0.06588048793956865,0
16.33801031112671,0.3659817964477834,[0.64666859],0.005,0.1,0.18546092072127215,0.07017970200459017,0
16.347708463668823,0.3681311823318867,[0.64904055],0.005,0.1,0.06689993133544754,0.07326536249116462,0
16.356038331985474,0.3698897707825168,[0.65141203],0.005,0.1,0.18342539873546387,0.059181456329614,0
16.36609387397766,0.37203915666662013,[0.65377996],0.005,0.1,0.07526940195101567,0.08237961671001608,0
16.378021955490112,0.3743839412674602,[0.65614958],0.005,0.1,0.190450739943502,0.0815691400280437,0
16.386067390441895,0.3763379284348269,[0.65852126],0.005,0.1,0.07733847695755132,0.06389122337243484,0
16.394001245498657,0.3779011181687203,[0.66088726],0.005,0.1,0.1873173023791348,0.06798397381082488,0
16.404036283493042,0.38024590276956033,[0.66324478],0.005,0.1,0.06994931413055452,0.0705858985291577,0
16.415016651153564,0.3825906873704003,[0.66559514],0.005,0.1,-0.09916382212213641,0.0721067843774324,0
16.42514705657959,0.3845446745377671,[0.66793926],0.005,0.1,0.024420925399971906,0.07292831576292393,0
16.43305230140686,0.38630326298839707,[0.67027762],0.005,0.1,-0.05755812131507944,0.0732464274951229,0
16.445509910583496,0.38903884502271047,[0.67261397],0.005,0.1,-0.18946199344289857,0.08978656360229817,0
16.45348882675171,0.39040663603986714,[0.67495106],0.005,0.1,-0.31010637972797883,0.06781870456425997,0
16.463622093200684,0.39275142064070717,[0.67728356],0.005,0.1,-0.12444314194214756,0.06783732625994189,0
16.47115468978882,0.3943146103746005,[0.67960654],0.005,0.1,-0.14996990636015695,0.06780572551555868,0
16.480011463165283,0.39626859754196725,[0.68191567],0.005,0.1,0.03918823230669058,0.054268815237985574,0
16.490020513534546,0.39841798342607065,[0.6842036],0.005,0.1,-0.014973755046282358,0.057025665237352495,0
16.499902963638306,0.40076276802691063,[0.6864674],0.005,0.1,-0.13701436031998546,0.058606655791731875,0
16.51007342338562,0.4031075526277507,[0.68870777],0.005,0.1,-0.25607999323835473,0.059230582410028744,0
16.518808841705322,0.4050615397951174,[0.69092518],0.005,0.1,-0.07245389520626058,0.059426791667777853,0
16.52899980545044,0.4072109256792208,[0.69311995],0.005,0.1,-0.10141893137042417,0.05937712910671684,0
16.539064168930054,0.40916491284658746,[0.69529252],0.005,0.1,-0.19211792869812186,0.05946699420842439,0
16.54901432991028,0.41131429873069086,[0.69744361],0.005,0.1,-0.28315703688382954,0.059788841922163556,0
16.55846118927002,0.4134636846147942,[0.69957444],0.005,0.1,-0.35361034576794886,0.06050852079806663,0
16.566033840179443,0.4150268743486876,[0.7016868],0.005,0.1,-0.39980557443977166,0.06194225746215347,0
16.574583053588867,0.41678546279931766,[0.70377966],0.005,0.1,-0.42461494094230867,0.05108257053709045,0
16.58203959465027,0.4185440512499477,[0.7058496],0.005,0.1,-0.4327289008995009,0.056065811058822725,0
16.591919422149658,0.42108423456752436,[0.70789816],0.005,0.1,-0.42873254074647776,0.06046425968264837,0
16.600111484527588,0.4226474243014178,[0.70992738],0.005,0.1,-0.4164511754580723,0.051175493285748795,0
16.60805916786194,0.42460141146878444,[0.71193626],0.005,0.1,-0.39883808381538566,0.058032208862462645,0
16.615997791290283,0.42655539863615116,[0.71392469],0.005,0.1,-0.37806860669290604,0.05015330505461964,0
16.625007152557373,0.4283139870867812,[0.71589334],0.005,0.1,-0.3556921508189177,0.05846225764022735,0
16.634009838104248,0.4306587716876212,[0.71784755],0.005,0.1,-0.33278146859317614,0.0656343629180446,0
16.644086122512817,0.4328081575717246,[0.71979654],0.005,0.1,-0.3100584174819343,0.07166642607298243,0
16.653851747512817,0.434957543455828,[0.72174872],0.005,0.1,-0.28799246229091935,0.0766545385882331,0
16.66302227973938,0.43691153062319465,[0.72371157],0.005,0.1,-0.2668747139250075,0.08039343306182467,0
16.674036741256714,0.43945171394077137,[0.72569136],0.005,0.1,-0.24687216377921867,0.08283371250151324,0
16.683067560195923,0.4414057011081381,[0.7276932],0.005,0.1,-0.22806672602268035,0.08468638630808407,0
16.693411827087402,0.4437504857089781,[0.72972102],0.005,0.1,-0.2104829909169191,0.08552247363125617,0
16.703006505966187,0.44589987159308153,[0.73177755],0.005,0.1,-0.19410775784379639,0.08576057986786591,0
16.713047981262207,0.44824465619392156,[0.73386445],0.005,0.1,0.09713469606370885,0.0853205631023617,0
16.722354888916016,0.45019864336128823,[0.73598236],0.005,0.1,0.14434435280602162,0.08478749684273511,0
16.731040000915527,0.45215263052865495,[0.73813109],0.005,0.1,0.1022734818464488,0.08389554849606648,0
16.74131178855896,0.454497415129495,[0.74030964],0.005,0.1,0.31425882434574015,0.08261031564290279,0
16.749688148498535,0.45645140229686165,[0.74251256],0.005,0.1,0.287963586933037,0.06457502154020728,0
16.75800347328186,0.4584053894642284,[0.74473077],0.005,0.1,0.46252089453256673,0.06827949886914869,0
16.767536878585815,0.4607501740650684,[0.74696002],0.005,0.1,0.38699822276908236,0.0708504660434758,0
16.776758432388306,0.4627041612324352,[0.74920034],0.005,0.1,0.5166934862911936,0.07284457319697689,0
16.786052942276,0.4648535471165385,[0.75144776],0.005,0.1,0.40558814339189475,0.05869586394356784,0
16.79503059387207,0.4670029330006419,[0.75369514],0.005,0.1,0.23318796265508657,0.06419606685664207,0
16.805041790008545,0.4695431163182186,[0.75594057],0.005,0.1,0.07100862292273183,0.0687098728412889,0
16.813748598098755,0.47149710348558527,[0.75818665],0.005,0.1,-0.05791763493212383,0.07268060841378,0
16.825026988983154,0.474037286803162,[0.76044],0.005,0.1,0.1250929598678515,0.09579232856002684,0
16.83577871322632,0.4767728688374754,[0.76271067],0.005,0.1,0.09623573301360998,0.09264138179687324,0
16.844871282577515,0.4787268560048421,[0.7649991],0.005,0.1,0.0034851118928315925,0.07137817086529552,0
16.85464882850647,0.48107164060568214,[0.76729758],0.005,0.1,-0.09225838551151698,0.07568144688583106,0
16.866037130355835,0.48380722263999554,[0.76960791],0.005,0.1,-0.16966722394623346,0.1003077083436354,0
16.878015518188477,0.48673820339104557,[0.77193993],0.005,0.1,-0.22442861620274898,0.09664930451577182,0
16.886033535003662,0.4888875892751489,[0.7742935],0.005,0.1,0.01723863681199532,0.07386165281120331,0
16.89470148086548,0.491232373875989,[0.77665993],0.005,0.1,0.03219391221082466,0.0778917489571898,0
16.904000759124756,0.49338175976009235,[0.7790359],0.005,0.1,0.24695846122366572,0.08088779463955885,0
16.913052797317505,0.49572654436093233,[0.78141841],0.005,0.1,0.20625447081447904,0.06453438661473501,0
16.92481017112732,0.49865752511198247,[0.78380429],0.005,0.1,0.3645866749179784,0.08761930550271933,0
16.933971881866455,0.5006115122793491,[0.78619782],0.005,0.1,0.2765120150972653,0.083792984812328,0
16.94399380683899,0.5031516955969259,[0.78860091],0.005,0.1,0.3985487459564004,0.0787641398904197,0
16.95305061340332,0.5053010814810293,[0.79100604],0.005,0.1,0.28423342112103617,0.060239978464989914,0
16.964190244674683,0.508427460948816,[0.79340553],0.005,0.1,0.11212184501730127,0.07385067784611252,0
16.974039316177368,0.5105768468329194,[0.79579889],0.005,0.1,-0.04724438667534103,0.06965376205255042,0
16.98399782180786,0.513117030150496,[0.79818546],0.005,0.1,0.10437825887278362,0.06666561240299976,0
16.992960691452026,0.5154618147513361,[0.80056156],0.005,0.1,0.05004012145313827,0.06511193702629857,0
17.003295183181763,0.5180019980689128,[0.8029246],0.005,0.1,-0.060893623429837354,0.06453233914442692,0
17.013041019439697,0.5203467826697529,[0.80527307],0.005,0.1,-0.1682430189070881,0.06482414446457138,0
17.021004676818848,0.5223007698371195,[0.80760297],0.005,0.1,-0.2520229525081449,0.052558497244345886,0
17.02957582473755,0.5246455544379596,[0.80990815],0.005,0.1,-0.30927105657073994,0.05704104615571351,0
17.03976321220398,0.5269903390387995,[0.81218787],0.005,0.1,-0.3433875190712221,0.06125623107813481,0
17.049322843551636,0.5293351236396396,[0.81444606],0.005,0.1,-0.35945281488476744,0.06512952136066655,0
17.057186365127563,0.5312891108070064,[0.81668322],0.005,0.1,-0.3623397950419184,0.053901058500365626,0
17.065099239349365,0.5330476992576364,[0.81890077],0.005,0.1,-0.3560867537873284,0.07765828827379906,0
17.073006629943848,0.5350016864250031,[0.8211006],0.005,0.1,-0.3438056624311303,0.07800315505406537,0
17.08374834060669,0.5377372684593165,[0.82328102],0.005,0.1,-0.3277912783506852,0.10048679964436778,0
17.094016551971436,0.5402774517768932,[0.8254496],0.005,0.1,-0.3096840116481093,0.096486433859302,0
17.103993892669678,0.54281763509447,[0.82761751],0.005,0.1,-0.2906270092749321,0.09439588151424078,0
17.112001657485962,0.5447716222618366,[0.82978652],0.005,0.1,-0.27139749835539806,0.07300663473429815,0
17.124454259872437,0.54809340044636,[0.83195891],0.005,0.1,-0.25250927677842344,0.1019063687098995,0
17.133016109466553,0.5500473876137267,[0.83414636],0.005,0.1,-0.23428960114801384,0.10248080380037887,0
17.145782470703125,0.5533691657982501,[0.83636443],0.005,0.1,-0.2169354604683915,0.13293222942085778,0
17.15457773208618,0.5555185516823535,[0.83862247],0.005,0.1,0.07548427643220128,0.09799036827806008,0
17.16300082206726,0.5578633362831935,[0.84091909],0.005,0.1,0.12397121430902616,0.10271913880443193,0
17.175559282302856,0.5611851144677169,[0.84325859],0.005,0.1,0.35924997781056217,0.1388722715841692,0
17.183996438980103,0.5635298990685569,[0.84564962],0.005,0.1,0.605661744364212,0.10269813620241076,0
17.192052125930786,0.5656792849526604,[0.84808403],0.005,0.1,0.5255338016444371,0.08132414616935697,0
17.201996326446533,0.5684148669869737,[0.85055498],0.005,0.1,0.6252163357142826,0.12356996032275343,0
17.212055921554565,0.5711504490212871,[0.85307231],0.005,0.1,0.7563555658086005,0.12549666540931328,0
17.22197437286377,0.5738860310556004,[0.85564415],0.005,0.1,0.8636311315151206,0.12708485582972912,0
17.23099422454834,0.5764262143731771,[0.85826642],0.005,0.1,0.932476666226316,0.09677216739080412,0
17.242960929870605,0.5799433912744373,[0.86093544],0.005,0.1,0.9646773593672414,0.14124137834413764,0
17.250962257385254,0.5822881758752773,[0.8636534],0.005,0.1,0.967384153513333,0.1061656323135366,0
17.2600154876709,0.5846329604761173,[0.86641646],0.005,0.1,0.6724326517744996,0.11625051349279951,0
17.26997208595276,0.5873685425104307,[0.86922156],0.005,0.1,0.605645131948471,0.12500188427336204,0
17.282979726791382,0.5912765168451641,[0.87207771],0.005,0.1,0.8937866611606644,0.17339074471321805,0
17.292522192001343,0.5940120988794776,[0.87499251],0.005,0.1,0.9547046540001839,0.12661589044000124,0
17.303563117980957,0.5975292757807376,[0.87796629],0.005,0.1,0.9194257936401724,0.1762379913477621,0
17.31202983856201,0.6000694590983143,[0.88100473],0.005,0.1,0.8488414204946826,0.1698696342047403,0
17.322996139526367,0.6037820347163111,[0.88411177],0.005,0.1,0.7701136060839436,0.16391465594205548,0
17.331467866897583,0.6065176167506244,[0.88727785],0.005,0.1,0.6944805250508124,0.12036762242975783,0
17.339064121246338,0.6088624013514644,[0.89048222],0.005,0.1,0.6258804672610396,0.09439641292661162,0
17.348831176757812,0.6123795782527245,[0.89371231],0.005,0.1,0.8411068480071326,0.14445049257220416,0
17.361061573028564,0.6162875525874579,[0.89697976],0.005,0.1,1.09673904744401,0.18463486777712168,0
17.369959354400635,0.6192185333385081,[0.90029322],0.005,0.1,1.027612574358246,0.13027172382520097,0
17.38028383255005,0.6225403115230315,[0.90364167],0.005,0.1,1.1307548473928932,0.12998553114310907,0
17.389981269836426,0.6262528871410281,[0.90701452],0.005,0.1,0.9801632069543449,0.12854232164482882,0
17.398613452911377,0.6293792666088148,[0.91040722],0.005,0.1,1.0407580592559786,0.1262387195906187,0
17.407729148864746,0.6325056460766015,[0.91381479],0.005,0.1,0.869314483892843,0.12317283663109457,0
17.417580604553223,0.6360228229778616,[0.91723188],0.005,0.1,0.645297040333954,0.11934156387128557,0
17.425975561141968,0.6387584050121751,[0.92064801],0.005,0.1,0.43917056100827345,0.08868431792176135,0
17.434972524642944,0.6414939870464884,[0.92404865],0.005,0.1,0.272698956505413,0.09309042818401979,0
17.446272373199463,0.6455973600979584,[0.92743042],0.005,0.1,0.1473534390729504,0.12107249401886373,0
17.45603585243225,0.6491145369992186,[0.93079917],0.005,0.1,0.057297928720495606,0.11187040692901049,0
17.46521782875061,0.652436315183742,[0.93414974],0.005,0.1,-0.004971227529865202,0.08139300605307427,0
17.47600483894348,0.6563442895184753,[0.93746801],0.005,0.1,-0.3224407430201248,0.08195595237465139,0
17.485995769500732,0.6598614664197354,[0.94075016],0.005,0.1,-0.6578962773262559,0.10279629968190082,0
17.496043920516968,0.6635740420377321,[0.94399693],0.005,0.1,-0.927512002844981,0.07449218651183885,0
17.508995532989502,0.6682636112394121,[0.9472042],0.005,0.1,-0.8375318183728324,0.09223911852715856,0
17.51700210571289,0.6709991932737257,[0.95036814],0.005,0.1,-0.9148459637915076,0.06771486586961703,0
17.52698516845703,0.674320971458249,[0.95348533],0.005,0.1,-1.296399403918659,0.08441959551575139,0
17.53627610206604,0.6774473509260357,[0.95655639],0.005,0.1,-1.4118275907921007,0.0781301649011142,0
17.54630398750305,0.6809645278272958,[0.95958181],0.005,0.1,-1.4026901595224186,0.07296145679871333,0
17.554974794387817,0.6838955085783458,[0.96255471],0.005,0.1,-1.338346429237529,0.055325146660881126,0
17.56396222114563,0.6870218880461326,[0.96546602],0.005,0.1,-1.5284297819517505,0.05657443279433651,0
17.572692155838013,0.690343666230656,[0.96831208],0.005,0.1,-1.4699433013138874,0.05717879699883526,0
17.58195185661316,0.6934700456984426,[0.97109391],0.005,0.1,-1.6009288057207123,0.057350019294347965,0
17.59079384803772,0.696205627732756,[0.97380951],0.005,0.1,-1.4727875381273625,0.045922830451851755,0
17.60101079940796,0.6997228046340161,[0.97645443],0.005,0.1,-1.5439192000138742,0.04869269858335862,0
17.61070680618286,0.7030445828185395,[0.97902912],0.005,0.1,-1.3711363393555573,0.05070545355569088,0
17.620012044906616,0.7057801648528529,[0.9815382],0.005,0.1,-1.412226469569306,0.05228770249322252,0
17.627962350845337,0.7085157468871662,[0.98398297],0.005,0.1,-1.4974298604683693,0.042672243644257535,0
17.638397693634033,0.7118375250716897,[0.98636543],0.005,0.1,-1.5626799187116815,0.057719793139821896,0
17.648175954818726,0.7151593032562131,[0.98869152],0.005,0.1,-1.5903553337491685,0.04569356440815568,0
17.661511421203613,0.7196534737411566,[0.99097059],0.005,0.1,-1.5815891208122044,0.07495461622743554,0
17.669432163238525,0.7219982583419965,[0.99321486],0.005,0.1,-1.543775214675777,0.055873438698505286,0
17.677083015441895,0.7241476442261,[0.9954249],0.005,0.1,-1.7613056505975304,0.044828592345835125,0
17.68798828125,0.7274694224106234,[0.99759497],0.005,0.1,-1.7225521543510722,0.04846917574327452,0
17.69697093963623,0.7300096057282001,[0.99972804],0.005,0.1,-1.3119294107023833,0.051817012002877735,0
17.704952239990234,0.7325497890457766,[1.00183108],0.005,0.1,-1.1198782974337453,0.054726988129362844,0
17.71452522277832,0.7354807697968269,[1.00391086],0.005,0.1,-1.0212584210992695,0.05720376372095532,0
17.724948406219482,0.7384117505478769,[1.00597393],0.005,0.1,-0.9592060785079044,0.0593980205253119,0
17.73344659805298,0.7409519338654537,[1.00802656],0.005,0.1,-0.9092079539321258,0.0615030729122722,0
17.743956565856934,0.7438829146165036,[1.0100746],0.005,0.1,-0.8616804357795563,0.06318006516920249,0
17.75299644470215,0.7466184966508169,[1.01211946],0.005,0.1,-0.5376001564362667,0.04993640942825967,0
17.76338768005371,0.7497448761186037,[1.01416266],0.005,0.1,-0.455632298866213,0.07049965068780585,0
17.771939754486084,0.7524804581529171,[1.01620958],0.005,0.1,-0.4617309464590632,0.054395842449563886,0
17.779953241348267,0.7548252427537571,[1.01826095],0.005,0.1,-0.21344913463553228,0.05851040639777133,0
17.79075312614441,0.7577562235048073,[1.0203175],0.005,0.1,-0.2039073291894234,0.06170573219529793,0
17.80102777481079,0.7608826029725938,[1.02238394],0.005,0.1,-0.2706058608813816,0.06402436226446212,0
17.809974431991577,0.763227387573434,[1.02446833],0.005,0.1,-0.069895430101026,0.08433328376489593,0
17.81898283958435,0.7657675708910107,[1.02657736],0.005,0.1,-0.09641390977032163,0.06253092475232404,0
17.827008962631226,0.7681123554918509,[1.02870421],0.005,0.1,0.08613373912866422,0.04956062698639128,0
17.83807110786438,0.7712387349596374,[1.03084292],0.005,0.1,0.024244663587625302,0.07123157616806962,0
17.84757161140442,0.7741697157106875,[1.03300044],0.005,0.1,0.17115331084531668,0.07092779369839083,0
17.85788607597351,0.7769052977450008,[1.03518248],0.005,0.1,0.0792899824563592,0.07072140662010512,0
17.86693000793457,0.7796408797793143,[1.03738549],0.005,0.1,-0.07295536948632886,0.05438162636133602,0
17.87596297264099,0.782181063096891,[1.03960219],0.005,0.1,0.06119670796829929,0.058802761427106685,0
17.88493037223816,0.7843304489809945,[1.04183041],0.005,0.1,0.26134550247685173,0.06241722027983542,0
17.895005464553833,0.7872614297320444,[1.04407233],0.005,0.1,0.16554246321175603,0.06490601684833697,0
17.905048608779907,0.7898016130496212,[1.04632968],0.005,0.1,0.2666973610520619,0.06681602609473286,0
17.91606044769287,0.7927325938006711,[1.04860801],0.005,0.1,0.13281455603929965,0.08744471797740298,0
17.92447018623352,0.7948819796847746,[1.05091184],0.005,0.1,0.2231319286664971,0.06456615921525936,0
17.93291735649109,0.7972267642856145,[1.05323653],0.005,0.1,0.3658038745506072,0.06698912118516256,0
17.944275856018066,0.8003531437534013,[1.05558231],0.005,0.1,0.49383667681085397,0.08839703079071635,0
17.953953981399536,0.8030887257877147,[1.05795338],0.005,0.1,0.31086504259439396,0.06511481229252906,0
17.962963342666626,0.8054335103885547,[1.06034042],0.005,0.1,0.33482256950107614,0.05132372514027363,0
17.972785234451294,0.8079736937061315,[1.06273536],0.005,0.1,0.41684148534312554,0.07488523030606206,0
17.983959913253784,0.8111000731739182,[1.06514391],0.005,0.1,0.49697047658826354,0.07443997273891606,0
17.99549961090088,0.814226452641705,[1.06757485],0.005,0.1,0.5553027580575483,0.09413290999095529,0
18.0047025680542,0.8165712372425449,[1.07003105],0.005,0.1,0.5888697324031524,0.06820970817444134,0
18.01508665084839,0.8193068192768583,[1.07250611],0.005,0.1,0.32497975626178066,0.06923536675947654,0
18.02634024620056,0.8226285974613817,[1.07499855],0.005,0.1,0.2875863401339833,0.08953685781108117,0
18.034972429275513,0.8251687807789585,[1.07751105],0.005,0.1,0.32677852931324536,0.06551249394236533,0
18.043545961380005,0.8273181666630619,[1.08003738],0.005,0.1,0.3792634251055268,0.06770590794591448,0
18.052952766418457,0.8300537486973752,[1.08257224],0.005,0.1,0.4215052811254174,0.06956494324132653,0
18.062609672546387,0.8327893307316886,[1.08511545],0.005,0.1,0.44736486232131456,0.07104064705333735,0
18.070974588394165,0.834938716615792,[1.08766262],0.005,0.1,0.45766765224879236,0.0549647742520087,0
18.07996892929077,0.837283501216632,[1.09020949],0.005,0.1,0.45551161347465285,0.07647698918839628,0
18.089715242385864,0.840214481967682,[1.09275959],0.005,0.1,0.4442873398639918,0.07180970816420734,0
18.099443435668945,0.8425592665685222,[1.09531047],0.005,0.1,0.4269442585436183,0.05286130232252053,0
18.107961893081665,0.8449040511693621,[1.0978503],0.005,0.1,0.4058027754890665,0.051723061622955535,0
18.117527961730957,0.8474442344869388,[1.10037067],0.005,0.1,0.3825854555506104,0.04878684853900452,0
18.128522157669067,0.8499844178045155,[1.10286588],0.005,0.1,0.35851998145720154,0.04499899699292009,0
18.136921405792236,0.8521338036886189,[1.10532684],0.005,0.1,0.33445160202620083,0.03461905858435335,0
18.151918649673462,0.856237176740089,[1.10774461],0.005,0.1,0.03490350026536468,0.03964184349079128,0
18.161916732788086,0.8589727587744024,[1.11011828],0.005,0.1,-0.020815415075623886,0.042907894767443326,0
18.171279668807983,0.8613175433752424,[1.11244933],0.005,0.1,-0.26322331317236797,0.03852424162966874,0
18.18095374107361,0.8638577266928191,[1.11473468],0.005,0.1,-0.24049052364137388,0.035745538354673645,0
18.190389394760132,0.8662025112936592,[1.11696789],0.005,0.1,-0.4098541361000923,0.028799370346025845,0
18.2008159160614,0.8689380933279726,[1.11914485],0.005,0.1,-0.6039754539991463,0.035726354833727374,0
18.209913730621338,0.871087479212076,[1.12126584],0.005,0.1,-0.48589963752250986,0.029328485523419986,0
18.21864628791809,0.8732368650961793,[1.1233301],0.005,0.1,-0.5599383129359192,0.03132435503308652,0
18.227899074554443,0.8753862509802827,[1.12533878],0.005,0.1,-0.6750512466540926,0.033599300141633724,0
18.236464023590088,0.877535636864386,[1.12729426],0.005,0.1,-0.7734180191800553,0.028825624128636998,0
18.24692440032959,0.879880421465226,[1.1291972],0.005,0.1,-0.8384218247921085,0.032617390283033246,0
18.254913091659546,0.8816390099158562,[1.13105275],0.005,0.1,-0.5942326104154134,0.03648520933372562,0
18.265763759613037,0.8841791932334329,[1.13287332],0.005,0.1,-0.5657867626875301,0.05101994494284383,0
18.275207042694092,0.8861331804007996,[1.13467094],0.005,0.1,-0.6054255489366606,0.04058524652641292,0
18.28389000892639,0.888282566284903,[1.1364502],0.005,0.1,-0.6521911113518558,0.04462037635750586,0
18.29392957687378,0.890627350885743,[1.13821618],0.005,0.1,-0.684539745497354,0.048399360418110125,0
18.306025505065918,0.8933629329200563,[1.13998151],0.005,0.1,-0.6978854113063984,0.06661935217395258,0
18.31700587272644,0.8959031162376331,[1.14176157],0.005,0.1,-0.41816346019301354,0.06565773692934952,0
18.325520038604736,0.8974663059715264,[1.1435621],0.005,0.1,-0.3682413052985695,0.050521842752642085,0
18.333909511566162,0.8992248944221565,[1.14537634],0.005,0.1,-0.1213426388743111,0.04141639170655938,0
18.347268104553223,0.9021558751732064,[1.14720661],0.005,0.1,0.14352782930850405,0.07976554310999584,0
18.354918241500854,0.9035236661903633,[1.14906681],0.005,0.1,0.08609913507240663,0.05926333740337202,0
18.363903045654297,0.9052822546409932,[1.15096036],0.005,0.1,0.2108067325000823,0.06140332952703945,0
18.374931573867798,0.9082132353920432,[1.1528858],0.005,0.1,0.36793809154227475,0.0627243288682401,0
18.385042190551758,0.9103626212761465,[1.15484556],0.005,0.1,0.501239686507772,0.06389155548630303,0
18.39384388923645,0.91251200716025,[1.15684127],0.005,0.1,0.5955259181590649,0.06474427498634354,0
18.404927492141724,0.9150521904778267,[1.1588739],0.005,0.1,0.6521885077915137,0.06529435253117642,0
18.415756464004517,0.9177877725121402,[1.1609439],0.005,0.1,0.6781441305702393,0.06572487513307991,0
18.425246715545654,0.9199371583962435,[1.16305132],0.005,0.1,0.6811428121272874,0.06645145832936546,0
18.434082746505737,0.9216957468468735,[1.16519598],0.005,0.1,0.6680058953695549,0.0674847704933522,0
18.443913459777832,0.9238451327309769,[1.1673818],0.005,0.1,0.6441532593940158,0.08813780301395471,0
18.452940702438354,0.9259945186150802,[1.16961196],0.005,0.1,0.6136523235529654,0.06463094310660346,0
18.46090602874756,0.9277531070657102,[1.17187618],0.005,0.1,0.5794419850823801,0.05083285150495924,0
18.472630977630615,0.9304886891000236,[1.17416588],0.005,0.1,0.819622239132205,0.07565800631262146,0
18.479995727539062,0.9322472775506537,[1.17648246],0.005,0.1,0.8166481891558759,0.05824755094351424,0
18.488503456115723,0.9340058660012838,[1.17882286],0.005,0.1,0.7261437445087118,0.06469425886877395,0
18.497901678085327,0.9361552518853872,[1.18118496],0.005,0.1,0.6159366323263756,0.07051761588726763,0
18.505910873413086,0.9381092390527538,[1.18356714],0.005,0.1,0.512933372924498,0.05615766495015867,0
18.514911651611328,0.9402586249368571,[1.18596379],0.005,0.1,0.4256651729291411,0.065434840359363,0
18.525430917739868,0.9426034095376973,[1.18838051],0.005,0.1,0.354936637986725,0.09847415789063231,0
18.533265829086304,0.9443619979883273,[1.19082741],0.005,0.1,0.29871305717453445,0.07476875987047645,0
18.541906356811523,0.9463159851556939,[1.19329839],0.005,0.1,0.254257995260508,0.06041199587537006,0
18.551913499832153,0.948660769756534,[1.19578899],0.005,0.1,0.4950261219308927,0.09884823168493803,0
18.560913562774658,0.9506147569239006,[1.19830621],0.005,0.1,0.49991149811622915,0.07654523654451544,0
18.570908784866333,0.952764142808004,[1.20085106],0.005,0.1,0.421915469192788,0.08788068625273719,0
18.583148956298828,0.9556951235590542,[1.20343087],0.005,0.1,0.3269878876894492,0.13144016513938578,0
18.592877864837646,0.9580399081598941,[1.20606373],0.005,0.1,0.24072073208878594,0.13244305953049423,0
18.60390305519104,0.9605800914774709,[1.20875989],0.005,0.1,0.44678270408645965,0.134386210292189,0
18.612450122833252,0.9625340786448376,[1.21152263],0.005,0.1,0.4264231283635575,0.13779628386069878,0
18.622636795043945,0.9650742619624143,[1.21435478],0.005,0.1,0.6079454158002667,0.14124479872841816,0
18.63324761390686,0.9680052427134643,[1.21725861],0.005,0.1,0.8126890835718679,0.1444819036592668,0
18.64354944229126,0.9705454260310411,[1.22023575],0.005,0.1,0.9762564699317492,0.14788764219528602,0
18.652637243270874,0.9730856093486179,[1.22328715],0.005,0.1,1.3598105723082599,0.15105086212296026,0
18.661912202835083,0.9756257926661944,[1.22641309],0.005,0.1,1.4489690312441588,0.15420198973415758,0
18.67088222503662,0.9783613747005078,[1.22960678],0.005,0.1,1.685042717098139,0.11492801229172168,0
18.680908203125,0.9810969567348212,[1.23285539],0.005,0.1,1.6273102334235827,0.12840713650027394,0
18.690891981124878,0.9840279374858714,[1.23615415],0.005,0.1,1.7424519719366627,0.1390458248938791,0
18.701916456222534,0.9871543169536582,[1.23951167],0.005,0.1,1.8704728560133694,0.1954973868211807,0
18.710962772369385,0.9898898989879715,[1.2429346],0.005,0.1,1.9558711827148607,0.14000336612015463,0
18.719905853271484,0.9922346835888115,[1.24641463],0.005,0.1,1.7118105499969865,0.14787549433575214,0
18.727914571762085,0.9947748669063883,[1.24994398],0.005,0.1,1.663532285641224,0.15396153451736871,0
18.735919952392578,0.9973150502239649,[1.25351541],0.005,0.1,1.3914680670192199,0.11555436101759235,0
18.744481325149536,1.0000506322582783,[1.25711556],0.005,0.1,1.3583777155361663,0.12964895253343794,0
18.754156589508057,1.003177011726065,[1.26074577],0.005,0.1,1.3922235834671715,0.1871797134735532,0
18.7661030292511,1.0070849860607984,[1.26441964],0.005,0.1,1.148447156462331,0.1800340648487481,0
18.77441120147705,1.0100159668118485,[1.26813486],0.005,0.1,1.1238508654201769,0.12998495214392378,0
18.7844717502594,1.0133377449963719,[1.27187572],0.005,0.1,1.161017663071028,0.13837884875903192,0
18.795960187911987,1.0172457193311053,[1.27564119],0.005,0.1,1.1970782717704682,0.1906522268171763,0
18.80681824684143,1.020958294949102,[1.27944256],0.005,0.1,1.2115662327134484,0.179695064993083,0
18.81787943840027,1.0252570667173089,[1.28328206],0.005,0.1,0.9257779340284058,0.1704543224822447,0
18.825951099395752,1.0279926487516222,[1.28714803],0.005,0.1,0.862529480963687,0.12260324798851967,0
18.835909605026245,1.0319006230863554,[1.29102963],0.005,0.1,0.8726057104994165,0.17051651635540696,0
18.848915100097656,1.0365901922880356,[1.29492913],0.005,0.1,0.8939067356946899,0.16008551484337558,0
18.861262321472168,1.0408889640562422,[1.29885316],0.005,0.1,0.9040480694769462,0.19413027420527554,0
18.869418144226074,1.0440153435240291,[1.30279993],0.005,0.1,0.8978205523718187,0.13274299758394031,0
18.87942409515381,1.047727919142026,[1.30675508],0.005,0.1,0.600693287223802,0.1290642284446366,0
18.88790464401245,1.0508542986098126,[1.31070546],0.005,0.1,0.5351805238160643,0.12582130624886434,0
18.898914575576782,1.0549576716612825,[1.31464495],0.005,0.1,0.5502728887304102,0.12179083722604442,0
18.90689468383789,1.0580840511290694,[1.31856237],0.005,0.1,0.3058109212872764,0.08894611646269304,0
18.91497778892517,1.0614058293135928,[1.32244263],0.005,0.1,-0.25548785809489594,0.09459141526788283,0
18.924992561340332,1.065313803648326,[1.32627836],0.005,0.1,-0.25701874918434114,0.09800613112741234,0
18.93391489982605,1.0690263792663228,[1.33006887],0.005,0.1,-0.6270060053036297,0.1000944342841088,0
18.943885564804077,1.0727389548843196,[1.33381382],0.005,0.1,-0.7617762005575196,0.10123882270124661,0
18.95458674430847,1.0768423279357897,[1.33751331],0.005,0.1,-1.0620972103866013,0.10164212968485446,0
18.963712692260742,1.080164106120313,[1.34116785],0.005,0.1,-1.345919424116703,0.10203943524416383,0
18.973185300827026,1.0840720804550465,[1.34477832],0.005,0.1,-1.554351771804754,0.10190492073587512,0
18.98392677307129,1.0881754535065165,[1.34835099],0.005,0.1,-1.680254215304906,0.13175854605871276,0
18.99237298965454,1.09149723169104,[1.35189145],0.005,0.1,-1.7354975148079395,0.09312794391684234,0
19.000412225723267,1.0946236111588266,[1.35538938],0.005,0.1,-1.7366663728604994,0.07034095129536784,0
19.008546113967896,1.0977499906266135,[1.35883124],0.005,0.1,-1.699361181261808,0.07772175272602659,0
19.01875329017639,1.1014625662446103,[1.36221612],0.005,0.1,-1.6363629979039633,0.08254928719908713,0
19.028494834899902,1.10497974314587,[1.36554853],0.005,0.1,-1.5574249700628742,0.08533778008184341,0
19.038907766342163,1.1086923187638669,[1.36883246],0.005,0.1,-1.7457017976259195,0.08663879221710849,0
19.04847288131714,1.1124048943818636,[1.37207138],0.005,0.1,-1.9633007898204389,0.08701700287887394,0
19.05783247947693,1.1165082674333338,[1.37526844],0.005,0.1,-1.849399741352954,0.08665701494470618,0
19.066908597946167,1.1198300456178572,[1.37842655],0.005,0.1,-1.6282040821048656,0.08634486759417558,0
19.07671856880188,1.123542621235854,[1.38154846],0.005,0.1,-1.6709866441359855,0.08578866537501612,0
19.08589243888855,1.1266690007036406,[1.38463215],0.005,0.1,-1.4945513072247723,0.06442144275129312,0
19.0938663482666,1.1295999814546906,[1.38767165],0.005,0.1,-1.5391542648592873,0.06995714610761558,0
19.103345155715942,1.1333125570726872,[1.39066711],0.005,0.1,-1.351948780529898,0.07383736904113572,0
19.11332678794861,1.1368297339739475,[1.39362382],0.005,0.1,-1.385484994223093,0.07665342871921427,0
19.122664213180542,1.1403469108752076,[1.39654679],0.005,0.1,-1.1910639744684561,0.07866258553476255,0
19.13084626197815,1.143082492909521,[1.39943607],0.005,0.1,-1.2219263112821201,0.060278755153558135,0
19.13933801651001,1.1462088723773076,[1.40228757],0.005,0.1,-1.3048029291807621,0.06702406321920397,0
19.149890661239624,1.1497260492785677,[1.40510323],0.005,0.1,-1.0969855933590995,0.07239559519610288,0
19.162492990493774,1.1540248210467743,[1.40789504],0.005,0.1,-0.8218862711255086,0.10074313245007566,0
19.17136263847351,1.1571512005145612,[1.41067876],0.005,0.1,-0.8435667449166464,0.09786089728381554,0
19.179382801055908,1.1600821812656115,[1.41345861],0.005,0.1,-0.9465682220684576,0.07227921527009543,0
19.187849044799805,1.1630131620166613,[1.41622889],0.005,0.1,-1.0448259629787728,0.07835210408429354,0
19.198884963989258,1.166725737634658,[1.41899032],0.005,0.1,-1.1103493384906016,0.08346406658370939,0
19.20886206626892,1.1702429145359179,[1.42174914],0.005,0.1,-0.8635202552563102,0.08787821160368205,0
19.218422412872314,1.1739554901539149,[1.42451131],0.005,0.1,-0.828687322735907,0.0916753310906373,0
19.228893280029297,1.1774726670551747,[1.42728237],0.005,0.1,-0.8587911600514715,0.09512645749816635,0
19.238905429840088,1.1811852426731717,[1.43006747],0.005,0.1,-0.8937794142434801,0.09808058400485398,0
19.24846363067627,1.1843116221409582,[1.43287122],0.005,0.1,-0.6369289697237526,0.10079089361297035,0
19.257714986801147,1.1874380016087451,[1.43569767],0.005,0.1,-0.6033032607196263,0.10310736688643474,0
19.267855167388916,1.1907597797932685,[1.43855015],0.005,0.1,-0.36466680245488287,0.10474960209561794,0
19.275965452194214,1.1932999631108452,[1.44142585],0.005,0.1,-0.10098180836905579,0.07834529267168906,0
19.284468173980713,1.1962309438618952,[1.44431662],0.005,0.1,-0.15415791260349168,0.08668006088600774,0
19.293898344039917,1.1995527220464186,[1.44722076],0.005,0.1,-0.021371576062474543,0.09267651046610674,0
19.303931951522827,1.2030698989476787,[1.45014195],0.005,0.1,0.1463217213781045,0.09658768910606155,0
19.313465356826782,1.206391677132202,[1.45308288],0.005,0.1,0.2916374730581356,0.09894995181787722,0
19.324742317199707,1.2101042527501988,[1.45604522],0.005,0.1,0.39863801250733993,0.09985183345658588,0
19.335260152816772,1.213621429651459,[1.45903494],0.005,0.1,0.46818729497277467,0.13012215830735493,0
19.343876361846924,1.2163570116857723,[1.46205626],0.005,0.1,0.7828830211600226,0.09148094814106845,0
19.353869438171387,1.220069587303769,[1.4651014],0.005,0.1,0.8312907583175069,0.09203689518427362,0
19.363888263702393,1.2237821629217658,[1.46816292],0.005,0.1,0.7747808038476527,0.09181055979024681,0
19.3738796710968,1.2272993398230259,[1.47123893],0.005,0.1,0.6859268743769755,0.09110271507447733,0
19.383501768112183,1.230816516724286,[1.47432722],0.005,0.1,0.5953093090628649,0.09028360687468778,0
19.390886783599854,1.2333567000418626,[1.47742556],0.005,0.1,0.5141974787081123,0.09005908498647007,0
19.39898943901062,1.2360922820761762,[1.48052689],0.005,0.1,0.4453873730332118,0.06708200056932315,0
19.40689444541931,1.2388278641104893,[1.48361532],0.005,0.1,0.38826769430701613,0.05336901374796714,0
19.415356397628784,1.2417588448615395,[1.48667769],0.005,0.1,0.3411058596846166,0.06305884779526809,0
19.42556118965149,1.245471420479536,[1.48971832],0.005,0.1,0.30201792912574976,0.09483225055918171,0
19.434935092926025,1.2484024012305863,[1.49274637],0.005,0.1,0.26933228733188297,0.07041548305006308,0
19.442872524261475,1.2511379832648997,[1.49575989],0.005,0.1,0.24168646701332475,0.07678020290786981,0
19.45197868347168,1.2540689640159497,[1.49875252],0.005,0.1,-0.05802242221257428,0.05981184743038392,0
19.460867643356323,1.2569999447669995,[1.50171919],0.005,0.1,-0.11165630192847886,0.06882835703224868,0
19.468884468078613,1.2597355268013128,[1.50466092],0.005,0.1,-0.07452371581296503,0.07553600783217265,0
19.47885799407959,1.2630573049858367,[1.50758367],0.005,0.1,-0.2903635941506294,0.0796325321636578,0
19.488831520080566,1.26637908317036,[1.51049216],0.005,0.1,-0.543166666028337,0.08173094362055741,0
19.497833967208862,1.2691146652046732,[1.51338991],0.005,0.1,-0.7533213025766972,0.08259710491573119,0
19.508833408355713,1.272631842105933,[1.51627933],0.005,0.1,-0.6247355466953157,0.08214070082071016,0
19.518310546875,1.27575822157372,[1.51916204],0.005,0.1,-0.6800482111873155,0.08162112716745694,0
19.527472734451294,1.2788846010415067,[1.5220392],0.005,0.1,-0.49986782257310347,0.08119820777432553,0
19.53788661956787,1.2820109805092936,[1.52491186],0.005,0.1,-0.5481328905032707,0.0812182170953494,0
19.545859575271606,1.2849419612603434,[1.52777642],0.005,0.1,-0.3781710781692641,0.06098307180731742,0
19.5542893409729,1.287677543294657,[1.53062543],0.005,0.1,-0.16569490179562346,0.06712292072776765,0
19.563424587249756,1.290608524045707,[1.53345787],0.005,0.1,0.022088765109398223,0.07224085347686672,0
19.571844339370728,1.293539504796757,[1.5362733],0.005,0.1,0.16597748207223792,0.056135146796419656,0
19.581830501556396,1.2966658842645435,[1.53906703],0.005,0.1,-0.009636920532847662,0.06435096493297063,0
19.59255337715149,1.2999876624490672,[1.54184548],0.005,0.1,0.0213894115812844,0.09468286728628653,0
19.60093927383423,1.3023324470499071,[1.54461945],0.005,0.1,-0.1632359754443435,0.07016638699512005,0
19.611653566360474,1.3058496239511672,[1.54739337],0.005,0.1,-0.10422520111406151,0.09994795290294,0
19.622087717056274,1.3089760034189541,[1.5501711],0.005,0.1,0.023275072463408993,0.07280192331147226,0
19.632827043533325,1.312493180320214,[1.55295564],0.005,0.1,0.14832461194918392,0.10095270486681378,0
19.6438570022583,1.316010357221474,[1.55575387],0.005,0.1,-0.028992652466934624,0.09551932846476022,0
19.652576208114624,1.3187459392557874,[1.55857086],0.005,0.1,0.006404524007897587,0.09120549542831433,0
19.662779808044434,1.3218723187235741,[1.56140514],0.005,0.1,0.10349343263129465,0.08769515955812704,0
19.672826051712036,1.3251940969080978,[1.56425497],0.005,0.1,0.20075826517650713,0.08503302639287573,0
19.681804418563843,1.3277342802256742,[1.56711854],0.005,0.1,0.2771903278588175,0.0834221961033358,0
19.690789461135864,1.3306652609767244,[1.56998937],0.005,0.1,0.32906586280136685,0.061752026288510745,0
19.700857400894165,1.3337916404445112,[1.57286193],0.005,0.1,0.3592290538190055,0.08794233555423463,0
19.708852529525757,1.3363318237620878,[1.57573625],0.005,0.1,0.3723591151536137,0.06475780926608614,0
19.716825246810913,1.3388720070796645,[1.578603],0.005,0.1,0.373041487694872,0.050887260220246276,0
19.727138996124268,1.3419983865474514,[1.58145463],0.005,0.1,0.36510955580953597,0.07932985769380224,0
19.73525071144104,1.3445385698650278,[1.58429467],0.005,0.1,0.3515295702872989,0.060238123210646984,0
19.744826316833496,1.3476649493328146,[1.5871218],0.005,0.1,0.3344927538997708,0.06703298069585976,0
19.753854751586914,1.350400531367128,[1.58993565],0.005,0.1,0.3155659200404304,0.07317870141731213,0
19.76430034637451,1.3537223095516515,[1.59274157],0.005,0.1,0.019801448269281346,0.07838451051441733,0
19.771860122680664,1.3558716954357548,[1.59553971],0.005,0.1,-0.03310875097351537,0.060871082892705736,0
19.77989888191223,1.3584118787533315,[1.59832581],0.005,0.1,0.0026303684056745574,0.07058665168927583,0
19.788851499557495,1.3611474607876448,[1.60110219],0.005,0.1,-0.21594578840046655,0.07901387003571833,0
19.798948287963867,1.3640784415386948,[1.60387672],0.005,0.1,-0.19625228520561044,0.08592938025867294,0
19.80786156654358,1.3668140235730084,[1.60665671],0.005,0.1,-0.3772610493537115,0.09182577955262745,0
19.81583571434021,1.369354206890585,[1.60944328],0.005,0.1,-0.30793878612713516,0.07040823244865879,0
19.82552146911621,1.3720897889248986,[1.61223223],0.005,0.1,-0.16748589666547797,0.08083015996707879,0
19.834835290908813,1.3750207696759482,[1.61502574],0.005,0.1,-0.30484352347249677,0.08927480922550056,0
19.84494400024414,1.3781471491437352,[1.61783138],0.005,0.1,-0.22586170546439555,0.09566602974508918,0
19.85283398628235,1.3804919337445751,[1.62064999],0.005,0.1,-0.08951479118175137,0.07329139773500744,0
19.864575624465942,1.3838137119290987,[1.62348218],0.005,0.1,0.04047194788174813,0.11304698875369362,0
19.87485980987549,1.3869400913968852,[1.62634504],0.005,0.1,0.14322756672805215,0.14719952576274012,0
19.88387680053711,1.3894802747144621,[1.62925246],0.005,0.1,0.21597246648287158,0.10325062379208848,0
19.893751859664917,1.392411255465512,[1.63219875],0.005,0.1,0.2626407141390442,0.10487610634121894,0
19.902824878692627,1.3951468374998257,[1.63517846],0.005,0.1,0.2888936241951081,0.10636786109413318,0
19.912465810775757,1.398468615684349,[1.63819192],0.005,0.1,0.30011801914292824,0.10672142401430032,0
19.921983003616333,1.401399596435399,[1.64123881],0.005,0.1,0.576807540634771,0.10704982842419782,0
19.930915355682373,1.404330577186449,[1.64431833],0.005,0.1,0.6034457736240657,0.10726258539655294,0
19.938881635665894,1.4068707605040258,[1.64742387],0.005,0.1,0.8133032378427045,0.07955244308771373,0
19.94680619239807,1.4096063425383392,[1.65053857],0.005,0.1,0.7564863777829187,0.06284597373243822,0
19.955806493759155,1.412537323289389,[1.65364804],0.005,0.1,0.8915561118620808,0.07461008378773297,0
19.96486735343933,1.4150775066069659,[1.65675116],0.005,0.1,1.0520514064366617,0.08401138061320819,0
19.97352695465088,1.4178130886412792,[1.65985249],0.005,0.1,0.9015766489656458,0.09097601720153227,0
19.981088399887085,1.4201578732421194,[1.6629559],0.005,0.1,0.6687408188678762,0.09622677141954887,0
19.989600896835327,1.4228934552764325,[1.66605912],0.005,0.1,0.7216370009550916,0.07309265555505581,0
20.002350568771362,1.4271922270446393,[1.66916019],0.005,0.1,0.5717906126791774,0.11050286004953007,0
20.010835647583008,1.4301232077956894,[1.67226847],0.005,0.1,0.3782704431665823,0.11021282798643013,0
20.02182173728943,1.4334449859802127,[1.67538641],0.005,0.1,0.20291690298520648,0.08127226632000302,0
20.03086256980896,1.4361805680145263,[1.67850518],0.005,0.1,0.0642951872470891,0.08931786750768084,0
20.038804292678833,1.4385253526153663,[1.68162303],0.005,0.1,-0.03693229727697861,0.0961568988901084,0
20.050323486328125,1.4420425295166264,[1.68474986],0.005,0.1,-0.10644242972325903,0.13393109781352505,0
20.06036615371704,1.4455597064178862,[1.68789974],0.005,0.1,-0.15125534047899114,0.1278317991949957,0
20.069666624069214,1.4482952884522,[1.69107319],0.005,0.1,-0.17778622872105823,0.09235795708561628,0
20.080835342407227,1.4520078640701966,[1.69425915],0.005,0.1,0.08478235747566328,0.09782802669021094,0
20.090852975845337,1.45532964225472,[1.69745363],0.005,0.1,0.11349719509582537,0.10199573741410202,0
20.100834131240845,1.4586514204392433,[1.70065863],0.005,0.1,0.06009334018539432,0.10460743203295488,0
20.11267852783203,1.4623639960572403,[1.70388097],0.005,0.1,0.26571123830955756,0.138978198901051,0
20.121846199035645,1.465490375525027,[1.70712596],0.005,0.1,0.5124782054075279,0.09793838523194419,0
20.131797075271606,1.4690075524262869,[1.710392],0.005,0.1,0.4434213508228694,0.1319611974410476,0
20.140868425369263,1.471938533177337,[1.71367724],0.005,0.1,0.2804689718176354,0.09376996319050786,0
20.148980617523193,1.474283317778177,[1.71697426],0.005,0.1,0.3909159179768232,0.09730902301725708,0
20.160964488983154,1.4783866908296472,[1.72027639],0.005,0.1,0.2876831763743548,0.09872912996298391,0
20.170804023742676,1.4815130702974335,[1.72358307],0.005,0.1,0.40784595777927074,0.09997710363941625,0
20.18079900741577,1.485030247198694,[1.72689358],0.005,0.1,0.2961786579535829,0.10048383826574443,0
20.19332480430603,1.4895244176836373,[1.73021241],0.005,0.1,0.1275247150430716,0.13073568622133017,0
20.202303647994995,1.4924553984346873,[1.73354828],0.005,0.1,0.24707338531043951,0.12103142779081845,0
20.211833000183105,1.495777176619211,[1.73690275],0.005,0.1,0.15770580936785572,0.11363575145776382,0
20.220824718475342,1.4987081573702605,[1.74026609],0.005,0.1,0.29219293154100073,0.0814901753759827,0
20.232196807861328,1.5028115304217309,[1.74362957],0.005,0.1,0.19366403843738902,0.11161744149704599,0
20.2428138256073,1.506133308606254,[1.74699563],0.005,0.1,0.03650050964304104,0.10542016175301287,0
20.253933429718018,1.5100412829409877,[1.75036579],0.005,0.1,-0.11012030748845086,0.09987996022436912,0
20.262826442718506,1.5135584598422478,[1.75373066],0.005,0.1,0.051871387158966636,0.07201843973976195,0
20.271899938583374,1.5164894405932978,[1.75707706],0.005,0.1,0.281835431970344,0.07562700856393735,0
20.279826641082764,1.5196158200610843,[1.76039861],0.005,0.1,0.2105730201579774,0.07795148602777352,0
20.28986883163452,1.5227421995288712,[1.76369475],0.005,0.1,0.05332867131518476,0.07915084949624893,0
20.29895520210266,1.5260639777133946,[1.76696496],0.005,0.1,-0.10236537902698853,0.07948551367424192,0
20.308527946472168,1.5289949584644444,[1.77020873],0.005,0.1,-0.22674997913860923,0.0794256289071648,0
20.31834840774536,1.5323167366489678,[1.77342561],0.005,0.1,-0.314698862505144,0.07886141677366403,0
20.32607674598694,1.5350523186832816,[1.77661064],0.005,0.1,-0.3704287708900874,0.05883088923929367,0
20.33395290374756,1.5377879007175947,[1.7797551],0.005,0.1,-0.40075034148715205,0.06353893388623177,0
20.342296361923218,1.5403280840351714,[1.78285649],0.005,0.1,-0.688358684483891,0.06697711087541508,0
20.350882291793823,1.5432590647862214,[1.785913],0.005,0.1,-0.7198691191314117,0.05153427670903953,0
20.36080527305603,1.5465808429707448,[1.78891892],0.005,0.1,-0.9303289749566044,0.05714962440138225,0
20.372403383255005,1.5506842160222152,[1.79187859],0.005,0.1,-0.8712208644160354,0.07958988331827774,0
20.38284707069397,1.5540059942067386,[1.79480042],0.005,0.1,-1.0021261190141433,0.058217712985276115,0
20.394105195999146,1.557718569824735,[1.79768716],0.005,0.1,-0.8812798057063517,0.07889797789612335,0
20.402787446975708,1.5604541518590485,[1.8005412],0.005,0.1,-0.9677932890715513,0.057529649171042516,0
20.414817094802856,1.564362126193782,[1.80336456],0.005,0.1,-1.093025545657244,0.07674660590609156,0
20.423885583877563,1.567293106944832,[1.80616298],0.005,0.1,-1.1938148119207836,0.072228250782747,0
20.433558702468872,1.5704194864126186,[1.80894109],0.005,0.1,-0.9772193372887081,0.06830216358815078,0
20.443813800811768,1.573741264597142,[1.81169829],0.005,0.1,-0.9638908438996212,0.06505958851249187,0
20.453866958618164,1.5770630427816656,[1.81443387],0.005,0.1,-1.0069800420878603,0.06233683811143528,0
20.461806535720825,1.579798624815979,[1.81714318],0.005,0.1,-1.0479650288031523,0.046412630384310934,0
20.470792531967163,1.5825342068502923,[1.81981844],0.005,0.1,-0.7918713719240426,0.04878634202890977,0
20.47880792617798,1.5846835927343956,[1.82245716],0.005,0.1,-0.7553120898300625,0.05069962926552047,0
20.486809492111206,1.5872237760519723,[1.82505761],0.005,0.1,-0.5112870352581761,0.03956074656210341,0
20.496176719665527,1.5899593580862856,[1.82761867],0.005,0.1,-0.5167256775726263,0.05652530420404922,0
20.505560636520386,1.5924995414038623,[1.8301436],0.005,0.1,-0.5952575801138271,0.04298484456769414,0
20.517588138580322,1.596212117021859,[1.83263545],0.005,0.1,-0.6752613600038476,0.058804465691313895,0
20.525809049606323,1.5985569016226993,[1.83509712],0.005,0.1,-0.732435229901075,0.044196883349972155,0
20.536778211593628,1.6018786798072226,[1.83753139],0.005,0.1,-0.762605610741345,0.05990887504033749,0
20.54642391204834,1.6050050592750094,[1.839941],0.005,0.1,-0.49315886873800935,0.044600282893716925,0
20.555787801742554,1.607545242592586,[1.84232492],0.005,0.1,-0.4485507474135083,0.047015166825838256,0
20.565325498580933,1.6102808246268994,[1.8446828],0.005,0.1,-0.479433596030233,0.0491925411271843,0
20.574806928634644,1.6128210079444762,[1.84701883],0.005,0.1,-0.5230035925785974,0.05123897833315365,0
20.582801342010498,1.6149703938285795,[1.84933332],0.005,0.1,-0.5561045083057203,0.04025304619089729,0
20.59417963027954,1.618292172013103,[1.85162735],0.005,0.1,-0.2968335922419721,0.059380871520108985,0
20.601818561553955,1.6204415578972062,[1.85390654],0.005,0.1,-0.2651567769654102,0.04558387407714163,0
20.616942167282104,1.624740329665413,[1.85618061],0.005,0.1,-0.30960197572129594,0.08427273377465927,0
20.628423929214478,1.6280621078499362,[1.85846686],0.005,0.1,-0.36639865152336804,0.07810976160552768,0
20.63580083847046,1.63021149373404,[1.86077177],0.005,0.1,-0.13594599103492117,0.056746646235382316,0
20.64480757713318,1.6327516770516164,[1.86309256],0.005,0.1,-0.13119205754000926,0.0774048381245643,0
20.653812646865845,1.6349010629357197,[1.8654311],0.005,0.1,-0.19844205681060262,0.0567273405559187,0
20.661815643310547,1.63724584753656,[1.86778022],0.005,0.1,0.0023198417901615642,0.04429933007351716,0
20.670771598815918,1.6393952334206634,[1.87012948],0.005,0.1,0.25120897266988684,0.05042988397643315,0
20.679792642593384,1.64193541673824,[1.87247874],0.005,0.1,0.1892532701255656,0.05524471027287387,0
20.693529844284058,1.6456479923562366,[1.87483664],0.005,0.1,0.31274443513928746,0.07661989578347463,0
20.70179772377014,1.6477973782403401,[1.87721045],0.005,0.1,0.1926948772537633,0.05633386830264029,0
20.71514391899109,1.6509237577081268,[1.87960174],0.005,0.1,0.29076064374452143,0.0773696742074707,0
20.72680139541626,1.6538547384591769,[1.88202018],0.005,0.1,0.1608995616476255,0.09454364584400526,0
20.737789630889893,1.656785719210227,[1.88447768],0.005,0.1,0.25642720484281123,0.08494360478119657,0
20.747947216033936,1.659716699961277,[1.88697482],0.005,0.1,0.12726427923813233,0.07798708490052769,0
20.757150650024414,1.662061484562117,[1.88950685],0.005,0.1,0.22480313467262591,0.07300454613012186,0
20.766353130340576,1.6646016678796938,[1.89206478],0.005,0.1,0.3741099434531417,0.05305697270449981,0
20.77853488922119,1.6679234460642172,[1.89464018],0.005,0.1,0.5072284202213219,0.07047439163249627,0
20.789495944976807,1.6708544268152674,[1.89723333],0.005,0.1,0.6037550024528766,0.0662167392037786,0
20.79678201675415,1.6728084139826338,[1.89983992],0.005,0.1,0.662913883990277,0.048665537130456876,0
20.808327198028564,1.6759347934504207,[1.90245167],0.005,0.1,0.690845211804122,0.06513913605500003,0
20.818668603897095,1.6784749767679974,[1.9050692],0.005,0.1,0.6951241724927508,0.062059420371249244,0
20.831506490707397,1.681601356235784,[1.90769668],0.005,0.1,0.4065942186875944,0.0758489070852787,0
20.83877968788147,1.6833599446864143,[1.91032963],0.005,0.1,0.34975971469287015,0.0764030561941995,0
20.848818063735962,1.6860955267207276,[1.91295641],0.005,0.1,0.3741325847197541,0.08720367998565012,0
20.85977840423584,1.6890265074717774,[1.91557888],0.005,0.1,0.41553379285988334,0.09510411243702693,0
20.868865966796875,1.6915666907893543,[1.91820251],0.005,0.1,0.1735271311328287,0.06481871875269334,0
20.877852201461792,1.6937160766734578,[1.92082029],0.005,0.1,0.16020043514179028,0.061706030754392,0
20.887796640396118,1.6960608612742978,[1.92342644],0.005,0.1,0.22111835513430828,0.05981448280837309,0
20.8980610370636,1.6986010445918742,[1.9260202],0.005,0.1,0.29171521641339254,0.0586511189611618,0
20.905800342559814,1.7003596330425044,[1.9285973],0.005,0.1,0.3485147105467298,0.04448264767071643,0
20.91377592086792,1.702313620209871,[1.93115056],0.005,0.1,0.38589737204723307,0.04803356684821159,0
20.926250219345093,1.705244600960921,[1.93368201],0.005,0.1,0.4052943392903401,0.06493848417394603,0
20.9342098236084,1.7073939868450245,[1.93619738],0.005,0.1,0.41035095713483766,0.04786759251340277,0
20.942784070968628,1.7097387714458647,[1.93869352],0.005,0.1,0.4049050135969404,0.04926039742121418,0
20.95375418663025,1.7126697521969145,[1.94116744],0.005,0.1,0.39225311440295396,0.04975596961915628,0
20.963818073272705,1.7154053342312279,[1.94362027],0.005,0.1,0.0989393612830327,0.049761355560182,0
20.974661827087402,1.7181409162655412,[1.94605276],0.005,0.1,0.045833191635012045,0.04945573982946852,0
20.985119819641113,1.720681099583118,[1.94846556],0.005,0.1,-0.19642432188018627,0.04926142567114418,0
20.994832038879395,1.723025884183958,[1.95085935],0.005,0.1,-0.17516418901147404,0.049218655217658,0
21.003328323364258,1.7251752700680614,[1.95323509],0.005,0.1,-0.3470271886627766,0.04959814950835002,0
21.01243782043457,1.727324655952165,[1.95559414],0.005,0.1,-0.26821918110915405,0.05031792449950814,0
21.02178192138672,1.7294740418362682,[1.95793834],0.005,0.1,-0.39648836017610667,0.05143138465690323,0
21.030784368515015,1.7316234277203715,[1.96026613],0.005,0.1,-0.2862690293113399,0.03992407787046704,0
21.0393967628479,1.7337728136044748,[1.96257291],0.005,0.1,-0.11676284276114657,0.04420066811177,0
21.047771215438843,1.735531402055105,[1.96485921],0.005,0.1,-0.23500966969030668,0.047991934645296816,0
21.058391332626343,1.7382669840894187,[1.96712992],0.005,0.1,-0.4206259538069992,0.05085804612620277,0
21.065782070159912,1.739830173823312,[1.96938575],0.005,0.1,-0.3115822380315587,0.040338659209643704,0
21.07966446876526,1.7429565532910987,[1.97162775],0.005,0.1,-0.40067568111049323,0.05963593535855579,0
21.091801404953003,1.7456921353254118,[1.9738693],0.005,0.1,-0.5318334269821776,0.07706378987960077,0
21.10274600982666,1.7480369199262518,[1.97612595],0.005,0.1,-0.6452339055137496,0.07223693107054432,0
21.111596822738647,1.7501863058103553,[1.97839869],0.005,0.1,-0.4475892864959677,0.053015081625055624,0
21.122583627700806,1.7523356916944586,[1.98068008],0.005,0.1,-0.18196955224268452,0.05538072972381188,0
21.131802320480347,1.7542896788618254,[1.98296787],0.005,0.1,-0.21878430544347557,0.05751225744089179,0
21.144789934158325,1.7572206596128757,[1.98527249],0.005,0.1,-0.06732438915238094,0.09591684739816024,0
21.153768062591553,1.7591746467802423,[1.98760676],0.005,0.1,-0.15924788038902574,0.06717200396198061,0
21.164130687713623,1.7615194313810822,[1.98996892],0.005,0.1,-0.03412603127126797,0.06600228759772096,0
21.17423939704895,1.7638642159819222,[1.9923532],0.005,0.1,0.13752077848349809,0.06561441186899929,0
21.183797597885132,1.7658182031492888,[1.99475882],0.005,0.1,0.2898854823681519,0.06578505619064634,0
21.194786071777344,1.7679675890333926,[1.99718511],0.005,0.1,0.4036134286361175,0.06626196142192237,0
21.202813863754272,1.7697261774840223,[1.99962725],0.005,0.1,0.47844866801694563,0.05063149987299202,0
21.210755586624146,1.7714847659346524,[2.00207699],0.005,0.1,0.5208003762816016,0.055925263823838806,0
21.222226858139038,1.7746111454024391,[2.00453623],0.005,0.1,0.5383959584411475,0.07879767859794451,0
21.231682300567627,1.776369733853069,[2.0070156],0.005,0.1,0.5382161558832881,0.07740388203105317,0
21.240828275680542,1.778323721020436,[2.00951536],0.005,0.1,0.5258882480617657,0.05800113452018039,0
21.249298572540283,1.7804731069045392,[2.0120269],0.005,0.1,0.5056802938547406,0.06285372834344967,0
21.2579083442688,1.782427094071906,[2.01454759],0.005,0.1,0.48070631248460294,0.06713014386002447,0
21.26678967475891,1.7843810812392726,[2.01707986],0.005,0.1,0.4531742510785204,0.07054139156934784,0
21.278797149658203,1.7867258658401126,[2.01963053],0.005,0.1,0.42461148855502084,0.09535453379916006,0
21.2872576713562,1.7886798530074792,[2.02220527],0.005,0.1,0.3960484272885373,0.06941027735562048,0
21.295345306396484,1.7902430427413727,[2.02479475],0.005,0.1,0.3681596703400041,0.0539779988932416,0
21.303816318511963,1.7920016311920028,[2.0273862],0.005,0.1,0.34136898715795905,0.06101952378526024,0
21.313411474227905,1.7943464157928428,[2.02997786],0.005,0.1,0.31592568568744767,0.06603493507618553,0
21.32073402404785,1.7959096055267365,[2.03257254],0.005,0.1,0.2919593601791831,0.06959471288947082,0
21.32872772216797,1.797668193977366,[2.03516778],0.005,0.1,0.2695187104551587,0.05396375878258797,0
21.33675241470337,1.7994267824279964,[2.03775223],0.005,0.1,0.2485988272557906,0.044365306298963944,0
21.346296310424805,1.8013807695953632,[2.04032049],0.005,0.1,0.22916022275817893,0.06929907608289593,0
21.35472345352173,1.8033347567627296,[2.04287668],0.005,0.1,0.2111420021839593,0.053394952905592194,0
21.36383557319641,1.8050933452133597,[2.04541962],0.005,0.1,-0.08156745656268197,0.05824717480294781,0
21.37471652030945,1.8074381298141997,[2.04794784],0.005,0.1,-0.13009552768156918,0.06107780279477533,0
21.386310577392578,1.8099783131317762,[2.05046784],0.005,0.1,-0.08921571213956223,0.07957119441999265,0
21.39727210998535,1.8123230977326166,[2.0529884],0.005,0.1,-0.30228149317871716,0.0742370968570246,0
21.40644359588623,1.8142770848999832,[2.05551209],0.005,0.1,-0.27696952032274225,0.06991236793832889,0
21.417777061462402,1.8168172682175598,[2.05803634],0.005,0.1,-0.176385551311306,0.06624587083741038,0
21.427756786346436,1.8189666541016634,[2.06055837],0.005,0.1,-0.06855832703428381,0.06326264727172282,0
21.437875986099243,1.8209206412690302,[2.06307532],0.005,0.1,0.021936752750099424,0.0608040640827032,0
21.44860291481018,1.8234608245866066,[2.06558424],0.005,0.1,0.08939357581576403,0.05849012552915311,0
21.45786142349243,1.8254148117539735,[2.06808222],0.005,0.1,0.13554256092577077,0.05638347360463325,0
21.468717098236084,1.8275641976380768,[2.07056631],0.005,0.1,-0.11160275536668154,0.05464950674261023,0
21.479725122451782,1.83029977967239,[2.07303372],0.005,0.1,-0.12885363387205634,0.05282227134907415,0
21.489750146865845,1.8324491655564934,[2.07548185],0.005,0.1,-0.06725459288746465,0.051287678529044194,0
21.498414993286133,1.8344031527238602,[2.07790826],0.005,0.1,0.008837359500445167,0.0499046109424754,0
21.509758710861206,1.8363571398912268,[2.08031066],0.005,0.1,0.07503251009250182,0.0485519950064216,0
21.51973032951355,1.838311127058594,[2.08268697],0.005,0.1,0.12456342177268165,0.04728455051356827,0
21.531766176223755,1.8408513103761703,[2.08503827],0.005,0.1,-0.11821554543590934,0.0563507638349606,0
21.541707277297974,1.8424145001100636,[2.08736825],0.005,0.1,-0.40757170333181136,0.051837289830211436,0
21.553466320037842,1.8449546834276405,[2.08967675],0.005,0.1,-0.37601882651015783,0.048062412089528515,0
21.562739372253418,1.8465178731615337,[2.09196038],0.005,0.1,-0.5186544208661652,0.045517140361531844,0
21.570719003677368,1.848081062895427,[2.0942134],0.005,0.1,-0.6840540869633069,0.035601413101092834,0
21.579428911209106,1.849839651346057,[2.09642822],0.005,0.1,-0.5411108388804231,0.03649575386849845,0
21.58900213241577,1.8515982397966873,[2.09860425],0.005,0.1,-0.3195470595007435,0.045231711550652566,0
21.59820055961609,1.852966030813844,[2.10074414],0.005,0.1,-0.3869683820902913,0.0355660982359362,0
21.60674500465393,1.8545292205477373,[2.10284232],0.005,0.1,-0.25395087595816707,0.029809478852573665,0
21.616750478744507,1.8562878089983674,[2.10489466],0.005,0.1,-0.3546563423099558,0.03964192112651075,0
21.629729509353638,1.8586325935992072,[2.10690935],0.005,0.1,-0.5072306910869795,0.04821212678860142,0
21.638757467269897,1.8601957833331009,[2.10889387],0.005,0.1,-0.6414309254442654,0.03741196507030853,0
21.646748304367065,1.8615635743502574,[2.11084384],0.005,0.1,-0.7365194793251574,0.03112970097908882,0
21.658746004104614,1.8639083589510974,[2.11275606],0.005,0.1,-0.7921090131034136,0.04100717260191958,0
21.667789459228516,1.8654715486849907,[2.11463669],0.005,0.1,-0.8149125428335022,0.04090878560204617,0
21.678169012069702,1.8672301371356208,[2.11649135],0.005,0.1,-0.5370089984186883,0.04072070055296022,0
21.68747067451477,1.8687933268695143,[2.11832238],0.005,0.1,-0.48467370126568327,0.040743375624843654,0
21.695977449417114,1.8699657191699341,[2.12013209],0.005,0.1,-0.5090990017748457,0.04091552194140875,0
21.704339504241943,1.871333510187091,[2.12191994],0.005,0.1,-0.2714528599345122,0.0334775799750693,0
21.712777376174927,1.8727013012042475,[2.12368018],0.005,0.1,-0.26735340596676505,0.029029297066606292,0
21.72473931312561,1.8744598896548776,[2.12541101],0.005,0.1,-0.33602664087627393,0.03943321449576587,0
21.734285354614258,1.8758276806720344,[2.12711962],0.005,0.1,-0.4110524472809667,0.03991212345992129,0
21.74274230003357,1.8770000729724543,[2.1288094],0.005,0.1,-0.4689362491228163,0.03293121421135054,0
21.754934549331665,1.8789540601398211,[2.13048044],0.005,0.1,-0.5046751681559792,0.0422463654037668,0
21.764753818511963,1.8803218511569777,[2.13213828],0.005,0.1,-0.5204369382906358,0.041562096454416386,0
21.775218963623047,1.8818850408908712,[2.13378765],0.005,0.1,-0.24448772721615264,0.04093510678623914,0
21.784655332565308,1.883252831908028,[2.13542992],0.005,0.1,-0.20014243724860709,0.04062418940659422,0
21.79369020462036,1.8846206229251845,[2.13706635],0.005,0.1,0.039640853954374417,0.04050277651871299,0
21.80369281768799,1.885988413942341,[2.13869819],0.005,0.1,0.020282306300425254,0.04050821593431547,0
21.813583850860596,1.8873562049594979,[2.14032661],0.005,0.1,-0.07908517708679236,0.04062572135700521,0
21.823331594467163,1.8887239959766546,[2.14195269],0.005,0.1,0.09165166586716009,0.040727155108390464,0
21.83070182800293,1.889700989560338,[2.1435774],0.005,0.1,0.039783922072635355,0.04091724056051892,0
21.83912682533264,1.890873381860758,[2.14519881],0.005,0.1,-0.07438503439880284,0.033794139247454155,0
21.84943675994873,1.892045774161178,[2.14681257],0.005,0.1,0.09000810046883412,0.03576315418393985,0
21.85926389694214,1.8934135651783346,[2.14841763],0.005,0.1,0.0357450762384795,0.03714478737155655,0
21.86873722076416,1.8945859574787545,[2.1500157],0.005,0.1,-0.07904419753250222,0.038024735233428135,0
21.876741886138916,1.895562951062438,[2.15160548],0.005,0.1,0.08547392840999014,0.032046739434434826,0
21.887166023254395,1.896735343362858,[2.15318563],0.005,0.1,0.031606546311528545,0.04076601384013532,0
21.89975619316101,1.8982985330967515,[2.15476242],0.005,0.1,0.19331291434553846,0.04743103954784242,0
21.90826106071472,1.8992755266804349,[2.1563408],0.005,0.1,0.1153517053449137,0.03732796262849263,0
21.91671323776245,1.9002525202641178,[2.15791476],0.005,0.1,0.24968430546378534,0.03133799227819114,0
21.925750017166138,1.9010341151310648,[2.15947651],0.005,0.1,0.14781774675234224,0.03282960446605793,0
21.934834718704224,1.902206507431485,[2.16102408],0.005,0.1,0.2635142517703229,0.033578678522981666,0
21.944579601287842,1.9033788997319045,[2.16255786],0.005,0.1,0.1480831966558603,0.03379865362112832,0
21.954833984375,1.9045512920323246,[2.16407773],0.005,0.1,0.25442232896930617,0.033495964658854155,0
21.964261054992676,1.9053328868992714,[2.16558298],0.005,0.1,0.1328755988686468,0.032953312926079066,0
21.971742153167725,1.9061144817662183,[2.16707054],0.005,0.1,0.23548735228204545,0.028225269186317944,0
21.982067823410034,1.9072868740666384,[2.16853719],0.005,0.1,0.11191769633238614,0.03233137600226343,0
21.994738817214966,1.908459266367058,[2.1699851],0.005,0.1,-0.062347151157772666,0.03479284098981265,0
22.00548768043518,1.9094362599507417,[2.17141732],0.005,0.1,-0.21907736348691859,0.032237768120816856,0
22.014683723449707,1.9106086522511616,[2.17283083],0.005,0.1,-0.3377537545898476,0.02728465679660726,0
22.024287462234497,1.911585645834845,[2.17421963],0.005,0.1,-0.1415368962146264,0.0268864059781344,0
22.032726049423218,1.9123672407017918,[2.17557869],0.005,0.1,-0.15554553152283745,0.02424463682569374,0
22.040773153305054,1.9131488355687383,[2.17690386],0.005,0.1,0.04331977096840062,0.024594213561332817,0
22.048762798309326,1.913930430435685,[2.17819317],0.005,0.1,-0.0036121229725459003,0.024735205316669475,0
22.05918288230896,1.9149074240193684,[2.17944646],0.005,0.1,0.15530805083845145,0.024652750922460363,0
22.06671977043152,1.9154936201695782,[2.18066235],0.005,0.1,0.07241570115273382,0.0228992134657319,0
22.075740814208984,1.9164706137532617,[2.1818386],0.005,0.1,0.2025786366062016,0.023203709272153247,0
22.088802576065063,1.9176430060536815,[2.18297721],0.005,0.1,0.09814511282038586,0.02692831248901498,0
22.097567796707153,1.9184246009206285,[2.18408261],0.005,0.1,-0.06316384267500141,0.024114552441290762,0
22.10669732093811,1.9190107970708385,[2.18515397],0.005,0.1,0.06465834015401545,0.022539679167829164,0
22.11671257019043,1.919792391937785,[2.18618856],0.005,0.1,-0.015519724974558807,0.022848406963751247,0
22.128359079360962,1.9205739868047318,[2.18718795],0.005,0.1,-0.1472538008713279,0.024580261809505163,0
22.138705015182495,1.9213555816716783,[2.18815613],0.005,0.1,-0.2687923922046422,0.024266443682610436,0
22.146790266036987,1.9219417778218884,[2.1890945],0.005,0.1,-0.08469183677003175,0.02268076946354805,0
22.155781507492065,1.9225279739720984,[2.19000223],0.005,0.1,-0.1121766392462004,0.022944272435591016,0
22.16972064971924,1.9233095688390454,[2.19088224],0.005,0.1,-0.20122369482816901,0.026060645150868804,0
22.181431531906128,1.9240911637059919,[2.19174047],0.005,0.1,-0.5667985306903954,0.025189433797649822,0
22.192612886428833,1.9248727585729384,[2.19257989],0.005,0.1,-0.6691161509420892,0.02452038352077756,0
22.201728582382202,1.9252635560064117,[2.19339985],0.005,0.1,-0.38315684642937065,0.022867346827367206,0
22.209665298461914,1.9254589547231487,[2.19419886],0.005,0.1,-0.2979451175214482,0.023026449616929397,0
22.219700574874878,1.9258497521566218,[2.19497685],0.005,0.1,-0.28998899504053854,0.023083791072463365,0
22.23197650909424,1.9266313470235685,[2.19573573],0.005,0.1,-0.3049409731599966,0.024092801631703013,0
22.24038076400757,1.927022144457042,[2.19647711],0.005,0.1,-0.04473083247348236,0.02265623673979115,0
22.251511573791504,1.9274129418905153,[2.19720134],0.005,0.1,-0.020860005950880084,0.023612639473411433,0
22.259695529937744,1.9278037393239886,[2.19790871],0.005,0.1,-0.07737557555693912,0.02240378908337309,0
22.26789665222168,1.9281945367574618,[2.19859862],0.005,0.1,0.1279292600940872,0.02240385904513268,0
22.277667760849,1.9285853341909356,[2.19927055],0.005,0.1,0.1009588366643737,0.022405523017926005,0
22.285691261291504,1.9289761316244087,[2.19992418],0.005,0.1,0.2791470139010371,0.02170962491672926,0
22.297277212142944,1.9293669290578819,[2.20055932],0.005,0.1,0.21015238303180414,0.0225568161209339,0
22.305699586868286,1.9297577264913552,[2.20117744],0.005,0.1,0.07215203922125905,0.022475288843590957,0
22.316896438598633,1.929953125208092,[2.2017799],0.005,0.1,0.213324456375628,0.022445993451289135,0
22.32666516304016,1.9301485239248286,[2.20236647],0.005,0.1,0.13896949014618376,0.021860185459331036,0
22.336153507232666,1.9303439226415653,[2.20293636],0.005,0.1,0.007674516168999335,0.022059176909684404,0
22.345677375793457,1.9307347200750387,[2.20348983],0.005,0.1,0.15893717023735174,0.022171117992906775,0
22.35668396949768,1.9309301187917753,[2.20402798],0.005,0.1,0.09449787054183849,0.02230848052697535,0
22.36569356918335,1.931125517508512,[2.20455191],0.005,0.1,-0.02828796576998064,0.022424826513220857,0
22.37675642967224,1.9313209162252487,[2.20506269],0.005,0.1,-0.14619262238375666,0.022523641970783888,0
22.387706995010376,1.9315163149419852,[2.20556203],0.005,0.1,-0.2383693429095448,0.023246644472636694,0
22.397672176361084,1.9315163149419852,[2.2060522],0.005,0.1,-0.30188765900019965,0.023177463219192295,0
22.407666206359863,1.9315163149419852,[2.2065338],0.005,0.1,-0.3404868368975023,0.022595220754226146,0
22.421525239944458,1.9315163149419852,[2.20700745],0.005,0.1,-0.3596423664532903,0.024079378326250046,0
22.432857990264893,1.9315163149419852,[2.20747578],0.005,0.1,-0.3645817822300744,0.02386459533585111,0
22.441784143447876,1.9315163149419852,[2.20794038],0.005,0.1,-0.359630138985664,0.02375148046267772,0
22.45140242576599,1.9315163149419852,[2.20840058],0.005,0.1,-0.3481188252850471,0.02312986514346601,0
22.459330558776855,1.9315163149419852,[2.20885518],0.005,0.1,-0.3325050213972203,0.02331429999273544,0
22.469980239868164,1.9313209162252487,[2.20930389],0.005,0.1,-0.03850841847235528,0.023518617324578203,0
22.480775356292725,1.9313209162252487,[2.20974786],0.005,0.1,0.2897301922083829,0.02425759661183179,0
22.4904727935791,1.9315163149419852,[2.21018808],0.005,0.1,0.563152631050668,0.02356489021156914,0
22.500709533691406,1.9315163149419852,[2.21062411],0.005,0.1,0.7602161676083355,0.02372058758193042,0
22.510666370391846,1.9315163149419852,[2.21105564],0.005,0.1,0.88612747167309,0.023883305556341054,0
22.51968765258789,1.9315163149419852,[2.21148318],0.005,0.1,0.9545710794427495,0.024038763249223286,0
22.528228044509888,1.9315163149419852,[2.2119073],0.005,0.1,0.9800509505758441,0.024202460086791208,0
22.538781881332397,1.9313209162252487,[2.21232857],0.005,0.1,0.975094711589761,0.02439868546972729,0
22.548697471618652,1.9315163149419852,[2.21274754],0.005,0.1,0.9495785940135852,0.024471420607182277,0
22.556675672531128,1.9315163149419852,[2.21316397],0.005,0.1,0.9108953147427081,0.024011588948935608,0
22.564785957336426,1.9315163149419852,[2.21357689],0.005,0.1,0.8643912886906917,0.02421648075816108,0
22.575480937957764,1.9315163149419852,[2.21398602],0.005,0.1,0.813832051660743,0.02434383547652542,0
22.584099769592285,1.9315163149419852,[2.21439156],0.005,0.1,0.7618073071116623,0.024402255176120814,0
22.591686010360718,1.9313209162252487,[2.21479292],0.005,0.1,0.710053682920406,0.024090423970095937,0
22.601726531982422,1.9315163149419852,[2.21518891],0.005,0.1,0.6596999038856627,0.024195232117076367,0
22.61071515083313,1.9313209162252487,[2.21557905],0.005,0.1,0.6114476941612903,0.02437066477500436,0
22.62067198753357,1.9315163149419852,[2.21596352],0.005,0.1,0.5657027372725525,0.024460739336965256,0
22.62868070602417,1.9313209162252487,[2.21634262],0.005,0.1,0.5226682247584775,0.024633962629274045,0
22.641804218292236,1.9313209162252487,[2.21671723],0.005,0.1,0.48241101401361763,0.025189826619007448,0
22.65277910232544,1.9315163149419852,[2.21708877],0.005,0.1,0.4449080323118052,0.025132761944476577,0
22.660653591156006,1.9313209162252487,[2.2174574],0.005,0.1,0.41007858249745655,0.024799485735184403,0
22.67169761657715,1.9313209162252487,[2.2178222],0.005,0.1,0.377806662425628,0.02496767400126843,0
22.67966651916504,1.9313209162252487,[2.21818303],0.005,0.1,0.34795625179543055,0.02512842872847698,0
22.6895854473114,1.9313209162252487,[2.21854043],0.005,0.1,0.32038167020363073,0.02526584805455637,0
22.69962239265442,1.9313209162252487,[2.21889489],0.005,0.1,0.2949344960221935,0.02539230564712994,0
22.709153652191162,1.9313209162252487,[2.21924687],0.005,0.1,0.27146809616909995,0.025497603133171957,0
22.71830129623413,1.9313209162252487,[2.21959674],0.005,0.1,0.249840504467791,0.02558939344877898,0
22.725805521011353,1.9313209162252487,[2.21994425],0.005,0.1,0.22991616536099244,0.02527843257853945,0
22.734644889831543,1.9313209162252487,[2.22028855],0.005,0.1,0.21156690403558598,0.02545110706080947,0
22.743401527404785,1.9313209162252487,[2.22062945],0.005,0.1,0.19467237455918762,0.025576605208536215,0
22.751155376434326,1.9315163149419852,[2.22096727],0.005,0.1,0.17912016084397572,0.025621412714924154,0
22.7596595287323,1.9313209162252487,[2.22130167],0.005,0.1,0.16480565147962792,0.0254294047642053,0
22.76824688911438,1.9313209162252487,[2.22163179],0.005,0.1,0.15163177187772936,0.025564984852445516,0
22.77763795852661,1.9313209162252487,[2.2219573],0.005,0.1,0.13950863092116733,0.025660632631430605,0
22.7856764793396,1.9313209162252487,[2.22227785],0.005,0.1,0.12835312101909643,0.025489627835272637,0
22.794395446777344,1.9313209162252487,[2.22259263],0.005,0.1,0.11808849774573607,0.02560194157049613,0
22.80207872390747,1.9313209162252487,[2.22290126],0.005,0.1,0.1086439564158098,0.02567722595960728,0
22.810648441314697,1.9313209162252487,[2.22320337],0.005,0.1,0.09995421684736591,0.02556043386831788,0
22.821672201156616,1.9313209162252487,[2.22349819],0.005,0.1,0.09195912336195514,0.02564791593772023,0
22.830244541168213,1.9313209162252487,[2.22378535],0.005,0.1,0.08460326419716563,0.025709139757965467,0
22.839213371276855,1.9313209162252487,[2.22406477],0.005,0.1,0.07783561255456034,0.025745566387251118,0
22.84672999382019,1.9313209162252487,[2.224336],0.005,0.1,0.07160919019553857,0.025678583658509054,0
22.855788707733154,1.9313209162252487,[2.22459834],0.005,0.1,0.0658807536316983,0.02573089762177214,0
22.86492943763733,1.9313209162252487,[2.22485134],0.005,0.1,0.06061050239745576,0.025768885071794593,0
22.875650644302368,1.931125517508512,[2.22509482],0.005,0.1,0.05576180854508028,0.025851943160000633,0
22.885721921920776,1.931125517508512,[2.22532855],0.005,0.1,0.051300966299076475,0.025876879623424654,0
22.89573311805725,1.931125517508512,[2.22555225],0.005,0.1,0.047196960701476054,0.025900498920292808,0
22.90467381477356,1.931125517508512,[2.22576563],0.005,0.1,0.04342125403978794,0.02592310574772497,0
22.914031982421875,1.931125517508512,[2.22596842],0.005,0.1,0.039947588852706925,0.02594900564098786,0
22.92468762397766,1.931125517508512,[2.22616036],0.005,0.1,0.036751806339762175,0.025975797951561932,0
22.934688091278076,1.931125517508512,[2.22634123],0.005,0.1,0.033811679049271744,0.02600484051687805,0
22.943638801574707,1.9309301187917753,[2.22651087],0.005,0.1,0.031106756777013547,0.026086665941589236,0
22.954644203186035,1.9309301187917753,[2.2266692],0.005,0.1,0.028618224671030975,0.0261173828789655,0
22.964667797088623,1.9309301187917753,[2.22681617],0.005,0.1,0.026328772602673474,0.02614742234840186,0
22.974926471710205,1.9309301187917753,[2.2269518],0.005,0.1,0.02422247492818709,0.026177647288508937,0
22.983858585357666,1.9307347200750387,[2.2270762],0.005,0.1,-0.25375367985113956,0.026258733832223165,0
22.991690158843994,1.9307347200750387,[2.22718953],0.005,0.1,-0.28866105537325815,0.026286998077743,0
23.00168466567993,1.9307347200750387,[2.22729203],0.005,0.1,-0.23520394996087407,0.02631256162675271,0
23.01025104522705,1.930539321358302,[2.22738399],0.005,0.1,-0.1606278843164026,0.026387884436889334,0
23.02077841758728,1.9303439226415653,[2.22746577],0.005,0.1,-0.3675317910165326,0.026461721454194793,0
23.031755208969116,1.9301485239248286,[2.22753775],0.005,0.1,-0.3453117653677207,0.02653304953356855,0
23.039680004119873,1.9301485239248286,[2.22760028],0.005,0.1,-0.5254302568700915,0.026550318694991044,0
23.048638582229614,1.929953125208092,[2.22765346],0.005,0.1,-0.45413571474857106,0.026627885647239793,0
23.059661149978638,1.9297577264913552,[2.22769675],0.005,0.1,-0.5860208699049447,0.026723926794610726,0
23.069633960723877,1.9293669290578819,[2.22772936],0.005,0.1,-0.47520109798754795,0.026862321495559074,0
23.078226327896118,1.9291715303411452,[2.22775093],0.005,0.1,-0.5776220427195343,0.02692467474472711,0
23.087701082229614,1.9289761316244087,[2.22776155],0.005,0.1,-0.44627669452222807,0.02697228272405981,0
23.097545385360718,1.928780732907672,[2.22776175],0.005,0.1,-0.5352972555035924,0.027007985574640323,0
23.10719895362854,1.9285853341909356,[2.22775239],0.005,0.1,-0.3958998059093052,0.02703955497958373,0
23.11665654182434,1.9281945367574618,[2.22773466],0.005,0.1,-0.4807248343403415,0.027124075600728225,0
23.12682795524597,1.9278037393239886,[2.22770997],0.005,0.1,-0.33982568760287235,0.027216637148401866,0
23.135617971420288,1.927608340607252,[2.22767984],0.005,0.1,-0.42497464576870947,0.02726275437654797,0
23.14570426940918,1.9274129418905153,[2.22764577],0.005,0.1,-0.2855947362339947,0.027316026192154064,0
23.156655311584473,1.927022144457042,[2.22760934],0.005,0.1,-0.09697157727649242,0.02742763235381128,0
23.165318489074707,1.9268267457403054,[2.22757191],0.005,0.1,0.07283316672054183,0.02746686997580816,0
23.175715923309326,1.9266313470235685,[2.22753433],0.005,0.1,0.20344148174022086,0.027507283736698127,0
23.185710191726685,1.9262405495900952,[2.22749716],0.005,0.1,0.29417166899457203,0.02760420227631349,0
23.196428537368774,1.9260451508733585,[2.22746095],0.005,0.1,0.3512923035022242,0.02765066367602913,0
23.205124378204346,1.9258497521566218,[2.22742616],0.005,0.1,0.3825222338269585,0.027693346167593714,0
23.2142915725708,1.9254589547231487,[2.22739317],0.005,0.1,0.3948914038371704,0.02779284147631201,0
23.22191619873047,1.9254589547231487,[2.22736226],0.005,0.1,0.39409856987812064,0.027784999030682645,0
23.23063611984253,1.9250681572896753,[2.22733363],0.005,0.1,0.10845066657596854,0.027884885316820818,0
23.24249029159546,1.9248727585729384,[2.22730743],0.005,0.1,0.060089484252515986,0.02793428136079485,0
23.25062084197998,1.9246773598562017,[2.22728375],0.005,0.1,0.0966021769146342,0.027981308824024533,0
23.262734174728394,1.9242865624227286,[2.22726263],0.005,0.1,0.15234761959332624,0.028084893969097743,0
23.272519826889038,1.9238957649892552,[2.22724407],0.005,0.1,0.2018662022332826,0.028189030482143263,0
23.281646966934204,1.9237003662725185,[2.22722804],0.005,0.1,0.23754881081237092,0.02823799825046636,0
23.29193353652954,1.9233095688390454,[2.22721444],0.005,0.1,0.25914595438408805,0.02834451098716621,0
23.29964828491211,1.9231141701223082,[2.22720317],0.005,0.1,0.2689943694921989,0.02839501553912511,0
23.308285236358643,1.9229187714055718,[2.22719407],0.005,0.1,0.2699605627305781,0.0284471269721613,0
23.315634965896606,1.922723372688835,[2.227187],0.005,0.1,0.264643577058849,0.028500192480130873,0
23.32465624809265,1.922332575255362,[2.22718179],0.005,0.1,0.2551379121309796,0.02860745156941222,0
23.334622144699097,1.9221371765386253,[2.22717827],0.005,0.1,0.24302791387336298,0.028661992039535823,0
23.34847927093506,1.921746379105152,[2.22717628],0.005,0.1,0.22946388498603038,0.02877253506343343,0
23.358015060424805,1.9213555816716783,[2.22717567],0.005,0.1,0.21525525710469506,0.028882761322711416,0
23.366336822509766,1.9209647842382052,[2.22717628],0.005,0.1,0.20095564455948237,0.028993818220946883,0
23.38162636756897,1.9205739868047318,[2.22717795],0.005,0.1,-0.08910616607730408,0.029106789524455872,0
23.39065170288086,1.920378588087995,[2.22718048],0.005,0.1,-0.13574402680697423,0.029162809506295857,0
23.398627758026123,1.919987790654522,[2.22718343],0.005,0.1,-0.09350925380623228,0.029263194727486723,0
23.410542964935303,1.9195969932210482,[2.22718534],0.005,0.1,-0.029559988568767674,0.02942020632615476,0
23.419339179992676,1.9194015945043117,[2.22718314],0.005,0.1,0.029585702636634136,0.029717586227802316,0
23.42843532562256,1.9190107970708385,[2.22717232],0.005,0.1,0.07559193324304302,0.030367997792670406,0
23.43965220451355,1.918619999637365,[2.22714743],0.005,0.1,0.10771897052243967,0.03134121178915186,0
23.450924158096313,1.9182292022038918,[2.22710129],0.005,0.1,0.12798014282118508,0.03397490881030112,0
23.46071171760559,1.9178384047704187,[2.22702719],0.005,0.1,0.13903512214554675,0.03312467727241165,0
23.469694137573242,1.9176430060536815,[2.22692192],0.005,0.1,0.14335683979478364,0.03391961313169544,0
23.480706453323364,1.9172522086202084,[2.22678234],0.005,0.1,0.14296903875373218,0.03598979927296419,0
23.490785121917725,1.9168614111867353,[2.22660448],0.005,0.1,0.13942282642716589,0.03554223743464809,0
23.49944233894348,1.9164706137532617,[2.22638824],0.005,0.1,-0.14217804758709107,0.03374394452211666,0
23.50945734977722,1.9162752150365252,[2.22613661],0.005,0.1,-0.18206386035235417,0.03365037716400483,0
23.519618034362793,1.9156890188863152,[2.2258518],0.005,0.1,-0.13435435264581308,0.03381207128608035,0
23.530832290649414,1.9152982214528416,[2.22553333],0.005,0.1,-0.06589170597984534,0.03635555005456375,0
23.539578914642334,1.9149074240193684,[2.2251798],0.005,0.1,-0.0029637509637172044,0.03505827052755669,0
23.55062198638916,1.9147120253026317,[2.22479081],0.005,0.1,0.04626128689966222,0.037490993946854165,0
23.560654878616333,1.9143212278691581,[2.22436016],0.005,0.1,0.08116609280301948,0.04933635912542177,0
23.570623874664307,1.913930430435685,[2.22387734],0.005,0.1,0.10385387777997875,0.04717645005053782,0
23.579633235931396,1.9135396330022116,[2.22333416],0.005,0.1,0.11705085633965068,0.060049119259098886,0
23.587621450424194,1.9133442342854752,[2.22271729],0.005,0.1,0.12327975903054526,0.08046564795477278,0
23.59633779525757,1.9129534368520016,[2.22201168],0.005,0.1,0.12460209267205591,0.07742389996909083,0
23.607267141342163,1.9125626394185284,[2.22119629],0.005,0.1,0.12259804257571631,0.1689591517254776,0
23.618210792541504,1.9121718419850549,[2.22023136],0.005,0.1,0.11843248992318098,0.22569209348056274,0
23.628636360168457,1.9119764432683182,[2.21907441],0.005,0.1,0.1129411985724551,0.2987122542898348,0
23.641358375549316,1.9117810445515817,[2.21767472],0.005,0.1,0.38274943001335787,0.5579646660844628,0
23.649614572525024,1.9117810445515817,[2.21598158],0.005,0.1,0.6853475506592441,0.44451239627334244,0
23.6576566696167,1.9119764432683182,[2.21397114],0.005,0.1,0.9327862020984945,0.5645354517872607,0
23.666353702545166,1.9121718419850549,[2.21163376],0.005,0.1,1.3802950859332537,0.464592173245816,0
23.67562508583069,1.9125626394185284,[2.20896155],0.005,0.1,1.7906363556395635,0.6121878102823879,0
23.68563461303711,1.9135396330022116,[2.20593256],0.005,0.1,2.6416338954420016,0.744770490187025,0
23.69529676437378,1.9143212278691581,[2.20249677],0.005,0.1,3.16509525522894,1.1764993508324602,0
23.704699754714966,1.9154936201695782,[2.19861311],0.005,0.1,3.9977278829859957,0.8624629586216814,0
23.714128255844116,1.9174476073369449,[2.19428283],0.005,0.1,5.0,0.9526616594110764,0
23.725327968597412,1.9201831893712586,[2.18951007],0.005,0.1,5.0,1.0172890682221176,0
23.734626054763794,1.9229187714055718,[2.18428567],0.005,0.1,5.0,1.0532331334197356,0
23.74463987350464,1.9260451508733585,[2.17860758],0.005,0.1,5.0,1.0571717047977822,0
23.752611875534058,1.928780732907672,[2.17248184],0.005,0.1,5.0,1.0295868656415683,0
23.761954307556152,1.9324933085256688,[2.16592306],0.005,0.1,5.0,0.9716272443778813,0
23.77063775062561,1.9358150867101922,[2.1589696],0.005,0.1,5.0,0.6737628138299225,0
23.779805898666382,1.939527662328189,[2.15167988],0.005,0.1,5.0,0.6622218399459967,0
23.788604259490967,1.9426540417959755,[2.1440987],0.005,0.1,5.0,0.6185052246500803,0
23.7996346950531,1.947148212280919,[2.13626037],0.005,0.1,5.0,0.5475878784351983,0
23.80885624885559,1.9504699904654423,[2.12820619],0.005,0.1,5.0,0.4704320025014888,0
23.81760859489441,1.953791768649966,[2.11998267],0.005,0.1,3.9440202211866704,0.39240268630188624,0
23.82662272453308,1.9571135468344893,[2.11164885],0.005,0.1,2.11722970737953,0.25280637960179064,0
23.835593461990356,1.9606307237357492,[2.10327241],0.005,0.1,-0.18815514131818079,0.21731793096414764,0
23.843589305877686,1.9635617044867992,[2.09490813],0.005,0.1,-2.2073663829022543,0.17981746978271773,0
23.852718114852905,1.9670788813880593,[2.08659986],0.005,0.1,-4.000329550178655,0.14240295332063801,0
23.861595392227173,1.970205260855846,[2.07839709],0.005,0.1,-5.0,0.08836570423146385,0
23.872622966766357,1.9739178364738426,[2.0703472],0.005,0.1,-5.0,0.08589413233409471,0
23.882158994674683,1.9770442159416295,[2.06248275],0.005,0.1,-5.0,0.061712340480062564,0
23.892879962921143,1.9803659941261529,[2.05483366],0.005,0.1,-5.0,0.04385491522903014,0
23.901621341705322,1.9825153800102562,[2.04743542],0.005,0.1,-5.0,0.025949360053565795,0
23.911608457565308,1.9848601646110962,[2.04031623],0.005,0.1,-5.0,0.025220563687866647,0
23.921306371688843,1.9868141517784632,[2.03348841],0.005,0.1,-5.0,0.018815831285646865,0
23.928876161575317,1.9879865440788829,[2.02696242],0.005,0.1,-5.0,0.011174326190648167,0
23.93861722946167,1.9895497338127766,[2.02075096],0.005,0.1,-5.0,0.008891178366570865,0
23.949650764465332,1.9909175248299331,[2.01485619],0.005,0.1,-5.0,0.006658879864965369,0
23.95896577835083,1.9916991196968798,[2.00927187],0.005,0.1,-5.0,0.004573925559606982,0
23.96958088874817,1.9924807145638264,[2.00398981],0.005,0.1,-5.0,0.002575199442522228,0
23.981728553771973,1.9930669107140364,[1.9990013],0.005,0.1,-5.0,0.0009016452823687597,0
23.989606857299805,1.9930669107140364,[1.99429773],0.005,0.1,-5.0,-0.00026194882272549967,0
23.999298095703125,1.9930669107140364,[1.98987065],0.005,0.1,-5.0,-0.0010799233510935672,0
24.009165048599243,1.9930669107140364,[1.98571181],0.005,0.1,-5.0,-0.0015891312918501156,0
24.019601345062256,1.9928715119973,[1.98181311],0.005,0.1,-5.0,-0.001801140803070975,0
24.033712148666382,1.9924807145638264,[1.97816481],0.005,0.1,-5.0,-0.002204239138541116,0
24.04325294494629,1.9920899171303532,[1.974756],0.005,0.1,-5.0,-0.0019286366326825275,0
24.050592184066772,1.9920899171303532,[1.97158002],0.005,0.1,-4.906424686697006,-0.001363578366360103,0
24.06159734725952,1.9916991196968798,[1.96863309],0.005,0.1,-3.400102418510885,-0.001228291125308127,0
24.06971764564514,1.991503720980143,[1.96590833],0.005,0.1,-1.684275632785625,-0.0011476382627507954,0
24.079376697540283,1.9913083222634063,[1.96339559],0.005,0.1,-0.20678417410717154,-0.0011455893606338481,0
24.088624954223633,1.9911129235466698,[1.96108268],0.005,0.1,1.1917597018812927,-0.0012625864157094497,0
24.098599195480347,1.9909175248299331,[1.95895488],0.005,0.1,2.2848580033831847,-0.0015331694676936547,0
24.107977628707886,1.9907221261131967,[1.95699484],0.005,0.1,3.320534216253141,-0.001996039377462297,0
24.118302583694458,1.9903313286797228,[1.95518272],0.005,0.1,4.101095625543275,-0.0026746206793838855,0
24.128609895706177,1.9899405312462497,[1.95349658],0.005,0.1,4.3259518931303935,-0.0036183501854305323,0
24.140584468841553,1.9895497338127766,[1.95191273],0.005,0.1,4.553275351208689,-0.004911099731903434,0
24.150071620941162,1.9893543350960396,[1.95040115],0.005,0.1,4.683562483375772,-0.009987052577956073,0
24.157740116119385,1.989158936379303,[1.94893115],0.005,0.1,4.701646613687189,-0.008139667096158706,0
24.167850017547607,1.9887681389458298,[1.94748077],0.005,0.1,4.623745633277668,-0.011475652969422503,0
24.175599813461304,1.9885727402290931,[1.94603218],0.005,0.1,4.474253685894471,-0.01000823689108713,0
24.18470573425293,1.9881819427956196,[1.94456683],0.005,0.1,4.27642187291783,-0.015603659679248627,0
24.19312596321106,1.9881819427956196,[1.94305758],0.005,0.1,4.049295605210651,-0.023101733892565278,0
24.20060133934021,1.9877911453621464,[1.94147788],0.005,0.1,3.8072989666820742,-0.020289226139594475,0
24.209604263305664,1.9875957466454097,[1.93980811],0.005,0.1,3.560805842469252,-0.032196839109535205,0
24.219555616378784,1.9872049492119364,[1.93801753],0.005,0.1,3.3169688733568994,-0.04700416308622187,0
24.228912115097046,1.9868141517784632,[1.93606521],0.005,0.1,2.804474224159291,-0.06473629444878554,0
24.237616300582886,1.9860325569115163,[1.93391047],0.005,0.1,2.2691920946318604,-0.08472711149255752,0
24.248557567596436,1.9852509620445697,[1.93151383],0.005,0.1,1.8010456959128587,-0.10743602081156348,0
24.258569478988647,1.984469367177623,[1.92883771],0.005,0.1,1.145813910241143,-0.1330424951717882,0
24.26658535003662,1.9834923735939396,[1.92586216],0.005,0.1,0.2650465426467067,-0.10682326269392194,0
24.274559497833252,1.9825153800102562,[1.92258344],0.005,0.1,-0.5241780409956629,-0.14457177214802483,0
24.284260511398315,1.9811475889930996,[1.91898261],0.005,0.1,-1.1276830408214686,-0.1833385267879549,0
24.292781591415405,1.979779797975943,[1.91502817],0.005,0.1,-2.0952649075589407,-0.22186091573703642,0
24.301564931869507,1.978021209525313,[1.91071089],0.005,0.1,-2.695057432192465,-0.17444418441937837,0
24.310587406158447,1.9762626210746828,[1.90604194],0.005,0.1,-3.5821972391591985,-0.2242829256234334,0
24.321568250656128,1.973722437757106,[1.90101681],0.005,0.1,-4.3503199408436375,-0.2677666908634525,0
24.33007287979126,1.9715730518730028,[1.89560159],0.005,0.1,-4.329895262659644,-0.42298169808614944,0
24.33822727203369,1.9692282672721628,[1.88977296],0.005,0.1,-4.283518633539734,-0.30428660767476295,0
24.34594178199768,1.9668834826713226,[1.88356865],0.005,0.1,-4.738271531506141,-0.2320757929136908,0
24.35463237762451,1.9641479006370093,[1.87704431],0.005,0.1,-4.935087468523967,-0.27787110126346776,0
24.363354206085205,1.9610215211692226,[1.87022073],0.005,0.1,-5.0,-0.30882007198493744,0
24.371583223342896,1.9580905404181725,[1.86310727],0.005,0.1,-5.0,-0.32692406124900797,0
24.380440711975098,1.9545733635169122,[1.85573506],0.005,0.1,-5.0,-0.2384442206097108,0
24.392448902130127,1.950079193031969,[1.84813971],0.005,0.1,-5.0,-0.35323534785964017,0
24.401561737060547,1.946562016130709,[1.8403448],0.005,0.1,-5.0,-0.24702442158878546,0
24.40958285331726,1.943044839229449,[1.83239082],0.005,0.1,-5.0,-0.25350284852343935,0
24.41914677619934,1.939332263611452,[1.8243203],0.005,0.1,-4.700678291657199,-0.25123676586721594,0
24.426867485046387,1.9358150867101922,[1.81616332],0.005,0.1,-3.830243593008369,-0.243189303911636,0
24.438605546951294,1.9309301187917753,[1.80795183],0.005,0.1,-2.895330181108182,-0.22932369061654362,0
24.448587894439697,1.9264359483068318,[1.79971814],0.005,0.1,-2.082544209628785,-0.21603921670102416,0
24.456562042236328,1.923504967555782,[1.79150279],0.005,0.1,-0.33436863931568306,-0.15223642813475782,0
24.466696977615356,1.919206195787575,[1.78335113],0.005,0.1,1.1108230874554381,-0.16195480874268087,0
24.47634196281433,1.9147120253026317,[1.77528141],0.005,0.1,2.4465760711487934,-0.23510532190588695,0
24.487715005874634,1.9096316586674782,[1.76728725],0.005,0.1,3.463937799815562,-0.23048286423923928,0
24.49558138847351,1.9065052791996915,[1.75938021],0.005,0.1,4.419949921997972,-0.16716732564789163,0
24.508169889450073,1.9012295138478013,[1.75157596],0.005,0.1,5.0,-0.2655832617529948,0
24.519588708877563,1.896735343362858,[1.74385146],0.005,0.1,5.0,-0.3662656569462428,0
24.52860927581787,1.8930227677448612,[1.73618401],0.005,0.1,5.0,-0.25621715427866365,0
24.536576509475708,1.889700989560338,[1.72859645],0.005,0.1,5.0,-0.1910351887888567,0
24.54715371131897,1.8850114203586577,[1.72110586],0.005,0.1,5.0,-0.31819101041928355,0
24.55694055557251,1.8807126485904508,[1.71369064],0.005,0.1,5.0,-0.3235843235557062,0
24.56725239753723,1.8764138768222445,[1.70633182],0.005,0.1,4.947457688069998,-0.3254711231197476,0
24.57656764984131,1.8727013012042475,[1.6990363],0.005,0.1,4.7615111938864345,-0.23390390560425678,0
24.585116863250732,1.8691841243029876,[1.69182158],0.005,0.1,4.5108002525854225,-0.25830103629438056,0
24.59350347518921,1.8656669474017276,[1.68469183],0.005,0.1,4.232740635128856,-0.273485711733367,0
24.602601528167725,1.8615635743502574,[1.67765094],0.005,0.1,3.9479131836453405,-0.19873869115197573,0
24.611570119857788,1.8576556000155238,[1.67071405],0.005,0.1,3.6676487471832937,-0.21990332664700982,0
24.620280742645264,1.8541384231142637,[1.66388534],0.005,0.1,3.3980920595197084,-0.229859942216609,0
24.63012671470642,1.8504258474962672,[1.65716045],0.005,0.1,3.1424219329110326,-0.2289845289645432,0
24.637545585632324,1.8471040693117438,[1.65054705],0.005,0.1,2.902091539822857,-0.16178953198997814,0
24.648191690444946,1.8428052975435372,[1.64405483],0.005,0.1,2.4014998574584157,-0.22358681958017979,0
24.655574798583984,1.839874316792487,[1.63767834],0.005,0.1,2.1594368209854493,-0.20327905837538468,0
24.665597677230835,1.8355755450242803,[1.63141504],0.005,0.1,2.2967371032462904,-0.18422331366500688,0
24.674640655517578,1.8318629694062836,[1.62527881],0.005,0.1,2.226506115592196,-0.12671150893191344,0
24.68423581123352,1.8275641976380768,[1.61928782],0.005,0.1,2.076075873292683,-0.12974041116764318,0
24.69394874572754,1.8234608245866066,[1.61344906],0.005,0.1,1.9034903065547022,-0.13293801372192285,0
24.703574180603027,1.8193574515351367,[1.60775951],0.005,0.1,1.733720099349139,-0.1355752239787459,0
24.711621046066284,1.8160356733506133,[1.60222154],0.005,0.1,1.576308136089836,-0.099131923250791,0
24.721582889556885,1.8117369015824063,[1.59684187],0.005,0.1,1.4338681027674567,-0.11201290782453613,0
24.731526374816895,1.8074381298141997,[1.59161681],0.005,0.1,1.3061062199827578,-0.12273713374289373,0
24.742766618728638,1.8029439593292562,[1.5865267],0.005,0.1,1.1916721847605343,-0.17809737801118897,0
24.751561403274536,1.7990359849945228,[1.58155287],0.005,0.1,1.0889721169285538,-0.12549906961931134,0
24.761587858200073,1.7947372132263162,[1.57669201],0.005,0.1,0.9964957340811016,-0.13345601414541775,0
24.77059292793274,1.7910246376083194,[1.57193975],0.005,0.1,0.9129239417307644,-0.14009521537178266,0
24.780539751052856,1.7869212645568493,[1.56728404],0.005,0.1,0.837142980766209,-0.1438941071423454,0
24.790591716766357,1.783013290222116,[1.56270725],0.005,0.1,0.7682233343220233,-0.19180373096151368,0
24.80256962776184,1.7777375248702258,[1.55818821],0.005,0.1,0.7053890839659505,-0.17154453363636565,0
24.810631275177002,1.7742203479689658,[1.55372367],0.005,0.1,0.6479881697102801,-0.11665783837893241,0
24.819505214691162,1.7703123736342323,[1.54932554],0.005,0.1,0.5954671053509727,-0.1140884327883097,0
24.831534385681152,1.7652320069990788,[1.54499409],0.005,0.1,0.5473507496223575,-0.13778837028316027,0
24.842580556869507,1.7609332352308722,[1.54072088],0.005,0.1,0.5032266086657506,-0.11568686676655067,0
24.852036237716675,1.7566344634626654,[1.53650776],0.005,0.1,0.46273282834356355,-0.09632982993860797,0
24.862508535385132,1.7523356916944586,[1.53236483],0.005,0.1,0.42554904846674557,-0.07976632471782502,0
24.871636390686035,1.7488185147931987,[1.52830326],0.005,0.1,0.3913894183282943,-0.06595699981847608,0
24.882583618164062,1.7443243443082552,[1.52433478],0.005,0.1,0.6360355807905895,-0.05403720233979383,0
24.891599416732788,1.740220971256785,[1.52047394],0.005,0.1,0.6403036509544224,-0.036249667505760814,0
24.899892568588257,1.7365083956387886,[1.51673677],0.005,0.1,0.28263703857689587,-0.03223842609877298,0
24.909558296203613,1.7326004213040551,[1.51313431],0.005,0.1,0.14903082998857883,-0.028442471785206067,0
24.921509981155396,1.7277154533856383,[1.50967121],0.005,0.1,0.3872072407708111,-0.029154180502434478,0
24.9318528175354,1.7232212829006948,[1.50634976],0.005,0.1,0.41915929037393307,-0.023858266954146702,0
24.94057869911194,1.719508707282698,[1.50317576],0.005,0.1,0.3736062947682878,-0.017462296486205637,0
24.954414129257202,1.7134513470638615,[1.50015592],0.005,0.1,0.30726846823323606,-0.017463750021712864,0
24.967055559158325,1.707784784278498,[1.49729033],0.005,0.1,0.24315489156179304,-0.016943477033293425,0
24.976972579956055,1.7036814112270278,[1.49457608],0.005,0.1,0.18902124421528466,-0.01491768973120193,0
24.98474907875061,1.7005550317592413,[1.492013],0.005,0.1,0.14611827217663176,-0.012258567231287024,0
24.998206615447998,1.695279266407351,[1.4895991],0.005,0.1,0.11322972300833285,-0.014363391576656372,0
25.008863925933838,1.690589697205671,[1.48732548],0.005,0.1,0.08845588567019466,-0.014588808314550845,0
25.01754140853882,1.6870725203044108,[1.48518319],0.005,0.1,0.0699405440075988,-0.012414783551877646,0
25.028451919555664,1.6823829511027306,[1.48316235],0.005,0.1,0.05611906634024301,-0.018259024552678006,0
25.038202047348022,1.6782795780512607,[1.4812454],0.005,0.1,0.0457616648401791,-0.020326391230181515,0
25.047532081604004,1.674567002433264,[1.47941324],0.005,0.1,0.31397682185154635,-0.023520852203854414,0
25.059592485427856,1.669291237081374,[1.47764353],0.005,0.1,0.3411253813305396,-0.03909522348894003,0
25.07255530357361,1.6638200730127473,[1.47590814],0.005,0.1,0.00536040584838024,-0.042830823451491445,0
25.08298921585083,1.6593259025278038,[1.47418274],0.005,0.1,0.16854501193756893,-0.04814285566525696,0
25.092025995254517,1.6552225294763336,[1.47244724],0.005,0.1,0.18332540831384864,-0.054610205484221554,0
25.10130763053894,1.651509953858337,[1.47068759],0.005,0.1,0.14531146895135547,-0.04185649430170118,0
25.11453080177307,1.6460387897897102,[1.4688894],0.005,0.1,0.09577666433243165,-0.07591835802493901,0
25.127214908599854,1.6409584231545566,[1.46702003],0.005,0.1,0.050794434006473585,-0.11206396605350855,0
25.136515140533447,1.6368550501030865,[1.46505073],0.005,0.1,0.015215223156771433,-0.07794092552662765,0
25.148221015930176,1.63197008218467,[1.46296944],0.005,0.1,-0.010758748038077496,-0.11573189419358683,0
25.155501127243042,1.6288437027168832,[1.46076662],0.005,0.1,-0.028575672560572064,-0.08036060013924544,0
25.16461968421936,1.6249357283821497,[1.45844275],0.005,0.1,-0.04003790432448451,-0.08435658525464448,0
25.174282550811768,1.620636956613943,[1.45600085],0.005,0.1,-0.046795646133136255,-0.08477374509361915,0
25.181612491607666,1.617510577146156,[1.4534403],0.005,0.1,-0.050193023479039194,-0.08238901034592572,0
25.190826177597046,1.6137980015281594,[1.45076483],0.005,0.1,-0.051260545490360396,-0.07724473175345356,0
25.19953489303589,1.610085425910163,[1.44798716],0.005,0.1,-0.05075989835599083,-0.05236292803752439,0
25.207583904266357,1.6067636477256393,[1.44512702],0.005,0.1,-0.049240304931883944,-0.052627329715837196,0
25.217334985733032,1.6026602746741694,[1.44219884],0.005,0.1,-0.04709044989390929,-0.05088192636207688,0
25.22842025756836,1.5977753067557523,[1.43921242],0.005,0.1,-0.044581037674830765,-0.04795309797313631,0
25.237932205200195,1.5936719337042826,[1.43617843],0.005,0.1,-0.041897663912847216,-0.04526182571112152,0
25.245524406433105,1.590936351669969,[1.43311195],0.005,0.1,-0.039165343581927525,-0.03160761834099647,0
25.25783681869507,1.5856605863180788,[1.43002617],0.005,0.1,-0.03646641919574198,-0.04655340887071088,0
25.268247365951538,1.5813618145498722,[1.42692254],0.005,0.1,-0.03385344690671394,-0.046306089843877705,0
25.27854824066162,1.5768676440649287,[1.42380054],0.005,0.1,-0.3073967342437917,-0.04806340496669467,0
25.287765502929688,1.5729596697301953,[1.42066146],0.005,0.1,-0.06212363241804246,-0.05263633755158822,0
25.296505212783813,1.569051695395462,[1.41750915],0.005,0.1,0.028313581281614757,-0.03980355793563377,0
25.3055100440979,1.565339119777465,[1.41434946],0.005,0.1,0.05137080542624618,-0.051984911965455086,0
25.31601095199585,1.5608449492925216,[1.41116916],0.005,0.1,-0.2283040089970888,-0.09840853709140247,0
25.324497938156128,1.5573277723912617,[1.40794599],0.005,0.1,-0.27354231731225376,-0.0744614112354782,0
25.337480545043945,1.551856608322635,[1.40466253],0.005,0.1,-0.23141428427289953,-0.13950591200603396,0
25.346493005752563,1.547753235271165,[1.40129934],0.005,0.1,-0.16638164418354615,-0.1041967751076852,0
25.356849908828735,1.543649862219695,[1.39783635],0.005,0.1,-0.10433334251096418,-0.18801237741905166,0
25.367634773254395,1.5389602930180148,[1.39424286],0.005,0.1,-0.0537831750161816,-0.19978766124438874,0
25.37822437286377,1.5348569199665447,[1.39049139],0.005,0.1,-0.01589454045050493,-0.21261500169353176,0
25.385656356811523,1.5315351417820213,[1.38657908],0.005,0.1,0.01090897442991709,-0.15641741725386296,0
25.399449348449707,1.525868578996658,[1.38250345],0.005,0.1,-0.24711885442732529,-0.2605169827990961,0
25.410817861557007,1.5215698072284511,[1.37822844],0.005,0.1,-0.26883330255354493,-0.36200359168756263,0
25.419538736343384,1.517661832893718,[1.37372443],0.005,0.1,-0.2071030973096445,-0.24915072096534646,0
25.429686784744263,1.5131676624087744,[1.36900255],0.005,0.1,-0.12774721550928064,-0.2628994200693772,0
25.440508365631104,1.5078918970568842,[1.36407383],0.005,0.1,-0.3322988764923399,-0.2741794930321747,0
25.44954776763916,1.5041793214388874,[1.35893772],0.005,0.1,-0.30937800446834546,-0.285959189387974,0
25.461166620254517,1.4994897522372075,[1.35358407],0.005,0.1,0.062184953231784384,-0.3979161756558673,0
25.469573259353638,1.496167974052684,[1.34800704],0.005,0.1,0.19862912143905398,-0.27532425533545013,0
25.477576971054077,1.4928461958681607,[1.34222889],0.005,0.1,0.23105709801295946,-0.2897168795362018,0
25.487654447555542,1.488547424099954,[1.33627128],0.005,0.1,0.22105786015579754,-0.30013918157398917,0
25.498194932937622,1.4840532536150106,[1.33014325],0.005,0.1,0.19664422012274305,-0.30681829870015964,0
25.505531072616577,1.4807314754304872,[1.32385545],0.005,0.1,0.16986800355397513,-0.31273480238908125,0
25.517520904541016,1.4758465075120701,[1.31742008],0.005,0.1,0.14538010244600255,-0.3128512084862784,0
25.529176950454712,1.4713523370271269,[1.31085079],0.005,0.1,0.12453717889759536,-0.3111780590259511,0
25.538806676864624,1.4672489639756567,[1.30416252],0.005,0.1,0.1073336474508278,-0.30797684627808947,0
25.548056602478027,1.4631455909241868,[1.29737139],0.005,0.1,0.09328266746626414,-0.30273147470414274,0
25.55685043334961,1.45943301530619,[1.29049441],0.005,0.1,0.08179710324001208,-0.29662805437912887,0
25.56576442718506,1.4555250409714566,[1.28355951],0.005,0.1,0.07233829485203737,-0.20958795111261477,0
25.576115131378174,1.4514216679199867,[1.27660323],0.005,0.1,0.06446121589941546,-0.22478155955150467,0
25.58526349067688,1.4473182948685164,[1.26964819],0.005,0.1,0.0578165642352323,-0.2338445326400107,0
25.595503091812134,1.4430195231003098,[1.262705],0.005,0.1,0.05213743920328176,-0.23789956323427378,0
25.605907917022705,1.4391115487655763,[1.25577468],0.005,0.1,0.047222598232547985,-0.3200157776518197,0
25.614498138427734,1.4353989731475796,[1.24885925],0.005,0.1,0.04292100533517822,-0.2197703430295235,0
25.622499227523804,1.4322725936797929,[1.24198935],0.005,0.1,0.03911912890395304,-0.16037996184595446,0
25.63262438774109,1.427973821911586,[1.23519123],0.005,0.1,0.035731088149865184,-0.25050814951786754,0
25.641494512557983,1.4240658475768528,[1.22845922],0.005,0.1,0.0326912571692905,-0.24563566387192537,0
25.651077032089233,1.4199624745253827,[1.22178889],0.005,0.1,0.029948822536101413,-0.23926837621972066,0
25.65912365913391,1.4166406963408593,[1.21519503],0.005,0.1,0.027463826236576557,-0.16976036566065217,0
25.66987681388855,1.4123419245726525,[1.2086992],0.005,0.1,0.025204308462658996,-0.18117178629367942,0
25.679563522338867,1.408043152804446,[1.20231117],0.005,0.1,0.023144251449386144,-0.18700634266124586,0
25.6879940032959,1.4045259759031858,[1.19603103],0.005,0.1,0.02126210061618676,-0.18849541578219375,0
25.69669485092163,1.4008134002851889,[1.18986722],0.005,0.1,0.01953969902395794,-0.13501075055303602,0
25.708192825317383,1.3957330336500358,[1.18382768],0.005,0.1,0.017961516601464382,-0.1949230380415475,0
25.71768617630005,1.3918250593153023,[1.1779047],0.005,0.1,0.01651408921269509,-0.18212278422451383,0
25.726555824279785,1.3881124836973056,[1.17209943],0.005,0.1,0.01518560707811882,-0.12615179988436848,0
25.73452115058899,1.384790705512782,[1.16642781],0.005,0.1,0.013965609636088052,-0.12871598893497738,0
25.747769594192505,1.3797103388776286,[1.16089043],0.005,0.1,0.012844756463323125,-0.16690718067601718,0
25.755616426467896,1.3761931619763685,[1.15548116],0.005,0.1,0.011814652770543919,-0.11373514932379171,0
25.764000177383423,1.3724805863583718,[1.15020743],0.005,0.1,0.010867714278774901,-0.11207548680957882,0
25.77647614479065,1.3675956184399551,[1.14507003],0.005,0.1,0.009997060723695418,-0.14084554896838633,0
25.788508415222168,1.362319853088065,[1.1400583],0.005,0.1,0.009196430365143953,-0.12305724516292524,0
25.79909062385559,1.3578256826031216,[1.13516966],0.005,0.1,0.008460110079507645,-0.10830994818588757,0
25.806499481201172,1.354699303135335,[1.13041294],0.005,0.1,0.007782877170723444,-0.07415196515006192,0
25.816494703292847,1.350400531367128,[1.12579596],0.005,0.1,0.007159950123919262,-0.09280670341785596,0
25.824503183364868,1.3470787531826045,[1.12132029],0.005,0.1,0.006586946302041772,-0.06375697342618264,0
25.83324670791626,1.3435615762813446,[1.11699097],0.005,0.1,0.2820982048077094,-0.06231978583536493,0
25.842472076416016,1.3396536019466112,[1.1128114],0.005,0.1,0.31473791853055066,-0.06102393929997947,0
25.85050129890442,1.3361364250453511,[1.10878273],0.005,0.1,0.25919459420357205,-0.04513766961354425,0
25.860462427139282,1.3322284507106177,[1.10490823],0.005,0.1,0.18269922811617123,-0.04889428029282025,0
25.870500326156616,1.327929678942411,[1.10117969],0.005,0.1,0.11179903340119654,-0.06932237036894356,0
25.881515502929688,1.323240109740731,[1.09757913],0.005,0.1,0.05482993246317049,-0.06706388076364349,0
25.890476942062378,1.3197229328394708,[1.09409805],0.005,0.1,0.012512813709982203,-0.0489527362162357,0
25.899538278579712,1.3158149585047374,[1.09073646],0.005,0.1,-0.017196267981079018,-0.05225778890231073,0
25.910497188568115,1.3115161867365306,[1.08748433],0.005,0.1,-0.03699448100115062,-0.07105569619434432,0
25.921541213989258,1.306435820101377,[1.08432361],0.005,0.1,-0.04939580006321636,-0.06581738951222604,0
25.929850101470947,1.3031140419168539,[1.08124703],0.005,0.1,-0.05646631904829297,-0.04699162683538021,0
25.94055485725403,1.298815270148647,[1.07825628],0.005,0.1,-0.059799325972925,-0.04831056218440011,0
25.951548099517822,1.2941257009469669,[1.07534391],0.005,0.1,-0.060577990786642166,-0.06340388863605856,0
25.959500312805176,1.2909993214791804,[1.072499],0.005,0.1,-0.059659275236602055,-0.04462655349129422,0
25.969663619995117,1.2863097522775002,[1.06972025],0.005,0.1,-0.057652647861107145,-0.044183643903151305,0
25.980489015579224,1.281815581792557,[1.06700666],0.005,0.1,-0.054985140304859834,-0.04298865347030276,0
25.991487503051758,1.2773214113076135,[1.0643502],0.005,0.1,-0.05195183408240565,-0.052399927637927744,0
26.000504732131958,1.2736088356896167,[1.06174453],0.005,0.1,0.22728471281595614,-0.036143078591963605,0
26.00893807411194,1.26989626007162,[1.05919163],0.005,0.1,0.26363798306885355,-0.034734372832007226,0
26.019482612609863,1.2652066908699398,[1.05669342],0.005,0.1,-0.06432629858173833,-0.033088447415517044,0
26.029436826705933,1.261494115251943,[1.05424797],0.005,0.1,0.105561016508739,-0.031914540081427266,0
26.039500951766968,1.2571953434837364,[1.05185322],0.005,0.1,0.12617286400583536,-0.030873150783912656,0
26.048651456832886,1.253287369149003,[1.04950682],0.005,0.1,0.09328768554536793,-0.030173736865787813,0
26.059462785720825,1.2487931986640595,[1.04720599],0.005,0.1,0.048305196407526056,-0.029615349248564796,0
26.06821608543396,1.245080623046063,[1.0449475],0.005,0.1,0.007394383810879323,-0.029590893841412454,0
26.077579259872437,1.2411726487113293,[1.04272752],0.005,0.1,-0.02452102715191358,-0.029866283636903062,0
26.08664083480835,1.237264674376596,[1.0405416],0.005,0.1,-0.0471817383798153,-0.03042483993776686,0
26.094558000564575,1.2339428961920726,[1.03838844],0.005,0.1,-0.06199072029917638,-0.023020612001554187,0
26.10247564315796,1.2310119154410226,[1.03627314],0.005,0.1,-0.07071385017304849,-0.018683192072867748,0
26.11347985267639,1.226126947522606,[1.03419554],0.005,0.1,-0.0749713748100676,-0.03037891489488581,0
26.122882604599,1.2216327770376625,[1.03214383],0.005,0.1,0.19995597129664086,-0.031265727185448504,0
26.132372856140137,1.2175294039861924,[1.03010741],0.005,0.1,0.23410681868822208,-0.0318301180183157,0
26.142586708068848,1.2134260309347222,[1.02808055],0.005,0.1,0.18142969066495995,-0.03215805071420457,0
26.151460886001587,1.2101042527501988,[1.02605815],0.005,0.1,0.10862545259454194,-0.0325247451513102,0
26.161468744277954,1.206391677132202,[1.02403946],0.005,0.1,0.04186958489110138,-0.02382287540169833,0
26.17050266265869,1.2024837027974689,[1.02202749],0.005,0.1,0.2652808319694744,-0.026169647481346796,0
26.18147325515747,1.1977941335957885,[1.02001719],0.005,0.1,0.260456023400487,-0.03710594858792066,0
26.193573474884033,1.1929091656773718,[1.01799703],0.005,0.1,0.1799304462602649,-0.0346107801438867,0
26.20356512069702,1.1890011913426384,[1.01596171],0.005,0.1,0.3642082756204002,-0.03230959596220681,0
26.212973833084106,1.1850932170079052,[1.01391164],0.005,0.1,0.3183311553089708,-0.02980611238899156,0
26.223456859588623,1.1811852426731717,[1.01184869],0.005,0.1,0.20324082019884782,-0.026986892269078657,0
26.234479427337646,1.1766910721882282,[1.00977633],0.005,0.1,0.08529210375206965,-0.02379899177460987,0
26.243439197540283,1.1727830978534948,[1.00770217],0.005,0.1,0.26384809907351775,-0.016144378918342844,0
26.25345253944397,1.1686797248020246,[1.00563703],0.005,0.1,0.2247484356055709,-0.015136247408631813,0
26.265467166900635,1.163794756883608,[1.00358661],0.005,0.1,0.12029560483910542,-0.016945965658505206,0
26.274447202682495,1.1600821812656115,[1.00155269],0.005,0.1,0.01320154479011916,-0.013829895426159419,0
26.284076929092407,1.1561742069308776,[0.99954092],0.005,0.1,-0.07455353821604907,-0.011224588388171312,0
26.293692350387573,1.1522662325961444,[0.99755989],0.005,0.1,0.13752499729394418,-0.00912420449192089,0
26.302443981170654,1.1491398531283576,[0.99561941],0.005,0.1,0.12816637657316204,-0.0064167098963195165,0
26.31056261062622,1.1460134736605712,[0.99372994],0.005,0.1,0.04774513296409126,-0.005676924423843731,0
26.318881034851074,1.1428870941927842,[0.99189944],0.005,0.1,-0.040851180524927526,-0.004986452698377056,0
26.328486680984497,1.1391745185747875,[0.9901338],0.005,0.1,0.1612820068927064,-0.00433932389755509,0
26.338455200195312,1.1352665442400542,[0.98843847],0.005,0.1,0.140651044231536,-0.0037841768117265473,0
26.349252939224243,1.1307723737551107,[0.98681831],0.005,0.1,0.326560455298498,-0.0033075534083565374,0
26.358638286590576,1.1270597981371138,[0.98527756],0.005,0.1,0.26369599346095773,-0.0029840780263661096,0
26.369481325149536,1.1233472225191172,[0.98381978],0.005,0.1,0.1295062403757249,-0.0027500114716273606,0
26.379445791244507,1.1196346469011205,[0.98244778],0.005,0.1,0.27233008138907094,-0.0025884666674284166,0
26.390191793441772,1.115140476416177,[0.98116359],0.005,0.1,0.1979094492542844,-0.0024382757532131613,0
26.39743137359619,1.1124048943818636,[0.97996852],0.005,0.1,0.34133946315915725,-0.002419561512579157,0
26.40654158592224,1.1086923187638669,[0.97886318],0.005,0.1,0.24753124921011874,-0.0023842217334396486,0
26.41660475730896,1.1047843444291336,[0.97784745],0.005,0.1,0.3682238712307593,-0.0023223162650374152,0
26.42547917366028,1.1018533636780836,[0.97692036],0.005,0.1,0.5306354777948191,-0.00231726510846685,0
26.43942427635193,1.09677299704293,[0.97608032],0.005,0.1,0.6692547664011741,-0.002224496444279687,0
26.449684143066406,1.0928650227081966,[0.97532531],0.005,0.1,0.48980584691448653,-0.0021705796194782054,0
26.46043825149536,1.0893478458069366,[0.97465276],0.005,0.1,0.5121949486399334,-0.0021230509025225728,0
26.469358444213867,1.0862214663391498,[0.97405963],0.005,0.1,0.5891756244842358,-0.0020795822374819533,0
26.477460384368896,1.0834858843048365,[0.97354241],0.005,0.1,0.9380767109692443,-0.0020241820581178077,0
26.486570835113525,1.0803595048370498,[0.973097],0.005,0.1,1.2969880427168712,-0.001870014925778424,0
26.495539665222168,1.0776239228027364,[0.97271853],0.005,0.1,1.5753656638942837,-0.00171955750497903,0
26.50414228439331,1.0750837394851596,[0.97240151],0.005,0.1,1.7560152942776512,-0.0015661350039381996,0
26.514472246170044,1.0723481574508462,[0.97214027],0.005,0.1,2.4018776176786685,-0.0014217149206210379,0
26.52296733856201,1.0700033728500062,[0.97192918],0.005,0.1,3.0460020553729192,-0.0013093814434059835,0
26.531487464904785,1.067853986965903,[0.97176294],0.005,0.1,2.9785545066858674,-0.001224859234944463,0
26.539454221725464,1.0655092023650627,[0.97163662],0.005,0.1,2.935091518233019,-0.0011438706960982291,0
26.54831576347351,1.0631644177642228,[0.97154563],0.005,0.1,3.148426787441439,-0.0010615504409726944,0
26.55755591392517,1.0608196331633828,[0.97148571],0.005,0.1,2.814059553660642,-0.0009888580055057736,0
26.567785024642944,1.0580840511290694,[0.97145291],0.005,0.1,2.609131533370415,-0.0009117056629143411,0
26.576499700546265,1.0563254626784393,[0.97144368],0.005,0.1,2.4535096852788163,-0.0008665425224580504,0
26.585124254226685,1.0543714755110727,[0.97145479],0.005,0.1,2.5899288192279246,-0.0008055226540336823,0
26.595457315444946,1.0524174883437059,[0.9714833],0.005,0.1,2.2113096487556536,-0.0007603775321167051,0
26.604379892349243,1.0504635011763392,[0.97152661],0.005,0.1,1.9882884305431052,-0.0007129517601159698,0
26.613430976867676,1.0489003114424458,[0.9715824],0.005,0.1,1.8338843232520605,-0.0006714458389214327,0
26.624428272247314,1.0467509255583425,[0.97164855],0.005,0.1,1.7089050941839683,-0.0006179740337305998,0
26.63291907310486,1.045187735824449,[0.97172313],0.005,0.1,1.320601508617765,-0.0005780942709816807,0
26.642584085464478,1.043429147373819,[0.97180429],0.005,0.1,1.1814763030920195,-0.00052691281936266,0
26.655102491378784,1.0412797614897158,[0.97189041],0.005,0.1,0.8588042496733439,-0.0004895969565274192,0
26.664142608642578,1.039911970472559,[0.97198014],0.005,0.1,0.5280321503866447,-0.000456472128226416,0
26.673131465911865,1.0383487807386655,[0.97207227],0.005,0.1,0.2511621493903199,-0.00042206858036930903,0
26.682417392730713,1.036980989721509,[0.97216562],0.005,0.1,0.31727833811877243,-0.0003854680332061215,0
26.69141387939453,1.0356131987043522,[0.97225909],0.005,0.1,-0.07461005533464696,-0.0003593769262939101,0
26.700438976287842,1.0344408064039323,[0.97235178],0.005,0.1,-0.2625834491517052,-0.00033630415549838364,0
26.712693691253662,1.0328776166700389,[0.972443],0.005,0.1,-0.06999190719219939,-0.00031091912564404486,0
26.721434831619263,1.0315098256528823,[0.97253221],0.005,0.1,-0.06664930567726207,-0.0002849253401645298,0
26.732426166534424,1.0301420346357255,[0.97261888],0.005,0.1,-0.1240801656051915,-0.00026117504093348815,0
26.741427183151245,1.028774243618569,[0.97270252],0.005,0.1,-0.46471761442281156,-0.0002383451717878639,0
26.7506320476532,1.0274064526014122,[0.97278273],0.005,0.1,-0.5502114985358719,-0.00021963769267163,0
26.763463735580444,1.0258432628675187,[0.97285927],0.005,0.1,-0.8067411385287843,-0.0002041671866314907,0
26.771636486053467,1.0248662692838355,[0.97293213],0.005,0.1,-1.0599227666540236,-0.0001927253281188807,0
26.78000569343567,1.0240846744168886,[0.97300128],0.005,0.1,-0.975164392735552,-0.0001788993743349435,0
26.79042887687683,1.0229122821164687,[0.97306648],0.005,0.1,-1.062029816169364,-0.00015981551154773348,0
26.801451444625854,1.0213490923825752,[0.97312714],0.005,0.1,-0.8988709544254574,-0.00013122792658241185,0
26.81394076347351,1.0201767000821553,[0.97318151],0.005,0.1,-0.9514563648112653,-0.00010422424948287487,0
26.825490713119507,1.0190043077817355,[0.97322541],0.005,0.1,-0.7760643667931056,-0.00014492883786678385,0
26.83411979675293,1.0182227129147887,[0.97325356],0.005,0.1,-0.8273137101695278,-0.00014985138086684726,0
26.842507362365723,1.017441118047842,[0.97326125],0.005,0.1,-0.9318764257114185,-0.0002835949015020823,0
26.852006912231445,1.0164641244641586,[0.97324218],0.005,0.1,-1.0225566140290985,-0.0005247531857536733,0
26.860795259475708,1.0156825295972118,[0.97318777],0.005,0.1,-1.0792667134318517,-0.0008995772711948099,0
26.868451833724976,1.0150963334470018,[0.97309084],0.005,0.1,-1.1013123247563281,-0.0008294066280282742,0
26.87946891784668,1.0141193398633186,[0.97294579],0.005,0.1,-1.09479155687084,-0.001437953244654176,0
26.88780927658081,1.0135331437131085,[0.97274401],0.005,0.1,-1.067173862095561,-0.0022117337644876178,0
26.898465394973755,1.0125561501294251,[0.97247433],0.005,0.1,-1.0252042325239188,-0.0030541993421399124,0
26.908443212509155,1.0117745552624784,[0.97212598],0.005,0.1,-1.2503234184548435,-0.003920273464752387,0
26.917956352233887,1.0109929603955317,[0.97168922],0.005,0.1,-1.2276303169505884,-0.004731747140129638,0
26.926424503326416,1.0104067642453218,[0.9711594],0.005,0.1,-1.39076014405329,-0.0036580500366684707,0
26.93587565422058,1.009625169378375,[0.97053331],0.005,0.1,-1.2900028056105999,-0.00654033559921346,0
26.94444441795349,1.009038973228165,[0.96980593],0.005,0.1,-1.1079376604990663,-0.004763717690524821,0
26.952861070632935,1.0084527770779552,[0.96897816],0.005,0.1,-1.197026886964057,-0.00532124342697036,0
26.962416887283325,1.0076711822110085,[0.96805286],0.005,0.1,-1.0660981857260823,-0.005596697978715309,0
26.970441341400146,1.0072803847775351,[0.96703431],0.005,0.1,-0.876406986774272,-0.004085559726384364,0
26.979438543319702,1.0066941886273253,[0.96593146],0.005,0.1,-0.9693570671968144,-0.004487564268020159,0
26.98895525932312,1.006107992477115,[0.96475097],0.005,0.1,-0.8479864798125797,-0.004661629931308152,0
26.99941873550415,1.005521796326905,[0.9634975],0.005,0.1,-0.6704892112398417,-0.004669040593959218,0
27.00902009010315,1.0049356001766951,[0.96217707],0.005,0.1,-0.5005977618183293,-0.004594197737940538,0
27.018402576446533,1.004349404026485,[0.9607964],0.005,0.1,-0.635465948090467,-0.004525900945775646,0
27.028393268585205,1.003763207876275,[0.95936227],0.005,0.1,-0.5591778306084528,-0.004546070993378908,0
27.037988901138306,1.0033724104428017,[0.95788088],0.005,0.1,-0.6987203513506064,-0.004699025760222617,0
27.04540252685547,1.0029816130093283,[0.95636024],0.005,0.1,-0.5968242547650491,-0.003523766509581731,0
27.055405139923096,1.0023954168591185,[0.95480963],0.005,0.1,-0.42938329069402137,-0.004209859086683209,0
27.0638267993927,1.002004619425645,[0.95323357],0.005,0.1,-0.5435364226565098,-0.004998985868180864,0
27.07240343093872,1.0016138219921717,[0.95163225],0.005,0.1,-0.4441129617183709,-0.005847858099303564,0
27.083431482315063,1.0010276258419617,[0.95000168],0.005,0.1,-0.5655172995825464,-0.009183036628933708,0
27.095168828964233,1.0006368284084883,[0.94833477],0.005,0.1,-0.4521367971931936,-0.009251298477216095,0
27.103468894958496,1.000246030975015,[0.94663561],0.005,0.1,-0.5553105898085463,-0.009489212047071637,0
27.114213943481445,0.999659834824805,[0.94491507],0.005,0.1,-0.4259097580621079,-0.012236261440477922,0
27.12440299987793,0.9994644361080682,[0.9431739],0.005,0.1,-0.5171334978849437,-0.010893813721125812,0
27.132915258407593,0.9990736386745949,[0.94141127],0.005,0.1,-0.37982187753342844,-0.009608767314627713,0
27.14141297340393,0.9988782399578583,[0.93963422],0.005,0.1,-0.19045321654217856,-0.006577708457107661,0
27.151448726654053,0.9984874425243848,[0.93785283],0.005,0.1,-0.29405515513343583,-0.0062613545051264175,0
27.160409212112427,0.9982920438076482,[0.93607455],0.005,0.1,-0.19274223691764403,-0.005826685144561703,0
27.16944646835327,0.9980966450909117,[0.9343047],0.005,0.1,-0.042383282427965185,-0.005283330201230188,0
27.178447008132935,0.9979012463741749,[0.93254939],0.005,0.1,-0.18032946590068294,-0.00467693219507888,0
27.18697738647461,0.9977058476574382,[0.9308167],0.005,0.1,-0.10669781566798445,-0.0032389837785330436,0
27.19638705253601,0.9973150502239649,[0.92911605],0.005,0.1,-0.2536861024170229,-0.0030188232781408427,0
27.205721139907837,0.9971196515072283,[0.92745317],0.005,0.1,-0.16470364148417657,-0.0034697917070511354,0
27.21440100669861,0.9969242527904917,[0.92583161],0.005,0.1,-0.2907071833558735,-0.002443633870658867,0
27.226536989212036,0.9965334553570182,[0.92425555],0.005,0.1,-0.4585070589747401,-0.0030183068570778077,0
27.234404802322388,0.9963380566402815,[0.92272789],0.005,0.1,-0.3263429333062361,-0.002245476660134735,0
27.24619197845459,0.9959472592068082,[0.9212498],0.005,0.1,-0.39482382757922535,-0.0031884771251239085,0
27.257213354110718,0.9957518604900715,[0.919819],0.005,0.1,-0.5101631624305427,-0.003424606179263424,0
27.265402793884277,0.9953610630565983,[0.9184334],0.005,0.1,-0.6125544835771819,-0.0027731771735208773,0
27.276442527770996,0.9951656643398614,[0.91709232],0.005,0.1,-0.6839715394901189,-0.003623437232961598,0
27.287397384643555,0.9947748669063883,[0.91578775],0.005,0.1,-0.7236379829004622,-0.006980968453444344,0
27.29773712158203,0.9945794681896515,[0.9145046],0.005,0.1,-0.7368604490422019,-0.0085345958093804,0
27.30539345741272,0.9943840694729149,[0.9132324],0.005,0.1,-0.7302133605480152,-0.0070926828057554965,0
27.314441204071045,0.9939932720394414,[0.91196547],0.005,0.1,-0.9857070216270545,-0.009768644000481176,0
27.323978185653687,0.9937978733227049,[0.91069316],0.005,0.1,-0.9891993645254555,-0.012867009954763135,0
27.333488702774048,0.9936024746059682,[0.90940057],0.005,0.1,-0.8990133454446885,-0.01621655121204726,0
27.342369079589844,0.9934070758892316,[0.90807294],0.005,0.1,-0.7850100772866359,-0.019737162586599334,0
27.352384090423584,0.9930162784557581,[0.90669604],0.005,0.1,-0.6755781549482905,-0.023321580315838336,0
27.362521409988403,0.9930162784557581,[0.9052565],0.005,0.1,-0.3042649736701194,-0.02718241130751732,0
27.371397495269775,0.9926254810222849,[0.90374725],0.005,0.1,-0.19156271145081002,-0.02141436468094987,0
27.382725477218628,0.9920392848720748,[0.90216132],0.005,0.1,-0.4572862021313954,-0.03843167483190687,0
27.393368244171143,0.9914530887218647,[0.90048119],0.005,0.1,-0.5128495279121758,-0.04168597727695654,0
27.40328073501587,0.9908668925716548,[0.89869156],0.005,0.1,-1.0361067737192924,-0.04502821494893047,0
27.41335916519165,0.9900852977047081,[0.8967848],0.005,0.1,-1.5981093037869014,-0.048488091530912686,0
27.422119140625,0.9893037028377615,[0.89475442],0.005,0.1,-1.7705916633494283,-0.052313541208244954,0
27.431750297546387,0.9883267092540782,[0.89259499],0.005,0.1,-2.3157064990895977,-0.056250550369067634,0
27.44040322303772,0.9873497156703948,[0.89030881],0.005,0.1,-2.8494486953792606,-0.04243330888876517,0
27.450400829315186,0.9861773233699747,[0.88790496],0.005,0.1,-3.519962859804954,-0.05043021054318172,0
27.458823204040527,0.9850049310695548,[0.88538483],0.005,0.1,-3.788841992733233,-0.05768049948151903,0
27.468358993530273,0.9838325387691347,[0.88274343],0.005,0.1,-4.1078798660288545,-0.06389093543905557,0
27.476404428482056,0.982464747751978,[0.87997738],0.005,0.1,-4.057118739725553,-0.06890805642489081,0
27.487423419952393,0.980706159301348,[0.87708511],0.005,0.1,-4.124279884351015,-0.07238822551189986,0
27.496861457824707,0.9789475708507178,[0.87406708],0.005,0.1,-3.8911216644458055,-0.0747988487690344,0
27.505387783050537,0.9771889824000878,[0.8709326],0.005,0.1,-3.8349055706490294,-0.0545702589505577,0
27.51591992378235,0.9748441977992479,[0.86769158],0.005,0.1,-3.800327032432783,-0.08370643948463981,0
27.524465799331665,0.9730856093486179,[0.86434722],0.005,0.1,-3.7336817849853463,-0.05986161730855832,0
27.533738136291504,0.9709362234645145,[0.86091052],0.005,0.1,-3.6245694727606597,-0.06528341284386745,0
27.543393850326538,0.9685914388636743,[0.85739169],0.005,0.1,-3.2029809116485657,-0.07040511916849168,0
27.553825616836548,0.9660512555460977,[0.85379262],0.005,0.1,-2.998479413744969,-0.07522580051534082,0
27.5614275932312,0.9640972683787309,[0.85012221],0.005,0.1,-2.59071512215252,-0.05613795361740141,0
27.56950879096985,0.9621432812113643,[0.84639517],0.005,0.1,-2.1638868449290305,-0.06670797229114421,0
27.577943563461304,0.9597984966105241,[0.84261643],0.005,0.1,-1.7860506948656374,-0.07608171361093055,0
27.58536720275879,0.9576491107264208,[0.83879015],0.005,0.1,-1.4743462699214727,-0.05804553149027081,0
27.595407009124756,0.9547181299753709,[0.83492707],0.005,0.1,-1.5015063056446927,-0.07118786301083072,0
27.604207515716553,0.9523733453745308,[0.83102761],0.005,0.1,-1.3385638555689903,-0.08437273203340423,0
27.614055395126343,0.9492469659067441,[0.82708278],0.005,0.1,-1.1293047043135962,-0.09673462282821088,0
27.62438416481018,0.9461205864389572,[0.82308292],0.005,0.1,-0.9313391575651098,-0.10922354033261132,0
27.634382486343384,0.9427988082544339,[0.81901777],0.005,0.1,-0.763447535459264,-0.12202712017974261,0
27.64240288734436,0.9402586249368571,[0.81488618],0.005,0.1,-0.6279777548629367,-0.09268395167637652,0
27.65039825439453,0.9373276441858072,[0.81069517],0.005,0.1,-0.5211513324876385,-0.11471616288687496,0
27.659383058547974,0.9340058660012838,[0.80643986],0.005,0.1,-0.43759127572097944,-0.1351879104272934,0
27.66793465614319,0.9308794865334971,[0.80210517],0.005,0.1,-0.37214830415728073,-0.15423590104045046,0
27.679502964019775,0.9265807147652902,[0.79767721],0.005,0.1,-0.3205074189761838,-0.16975801711299907,0
27.688709020614624,0.9232589365807669,[0.79314375],0.005,0.1,-0.5553148444456503,-0.18397514420138208,0
27.698195457458496,0.919155563529297,[0.78849477],0.005,0.1,-0.5550430772933475,-0.19437561445546667,0
27.708473205566406,0.9146613930443533,[0.78372286],0.005,0.1,-0.7485052886269764,-0.20128831456892235,0
27.716761112213135,0.9111442161430933,[0.77882336],0.005,0.1,-0.6825715977374409,-0.20733336853019058,0
27.724396228790283,0.9076270392418332,[0.77380489],0.005,0.1,-0.26141060874956523,-0.14945141584742175,0
27.735188007354736,0.9033282674736265,[0.76868739],0.005,0.1,-0.3548268097340697,-0.16717822455941803,0
27.744845151901245,0.899420293138893,[0.76347916],0.005,0.1,-0.3158915063071275,-0.18032481868776723,0
27.753547191619873,0.8959031162376331,[0.75817882],0.005,0.1,0.038092331643542865,-0.18871433002814952,0
27.76340413093567,0.8919951419028997,[0.75278785],0.005,0.1,0.7018461201991936,-0.19226123326260383,0
27.772372722625732,0.8880871675681662,[0.74731046],0.005,0.1,1.3308104595817067,-0.19215625744147177,0
27.781511783599854,0.8841791932334329,[0.74175341],0.005,0.1,1.813099646332737,-0.18904058221887257,0
27.78960156440735,0.8808574150489095,[0.73613481],0.005,0.1,2.1347672926977745,-0.13319302358083732,0
27.798393487930298,0.8771448394309127,[0.73048191],0.005,0.1,2.5940191024155093,-0.14265911486331784,0
27.808620929718018,0.8726506689459693,[0.72481108],0.005,0.1,2.979186939657423,-0.14639053570172283,0
27.816412925720215,0.8695242894781825,[0.71913775],0.005,0.1,3.231567605410287,-0.1053630734436955,0
27.82537341117859,0.8656163151434492,[0.71348533],0.005,0.1,3.078421304506974,-0.11573154293313775,0
27.838045358657837,0.8601451510748225,[0.70785916],0.005,0.1,3.3389287812153032,-0.16223832762147036,0
27.84538984298706,0.8568233728902991,[0.70225714],0.005,0.1,3.367030848686804,-0.11121683949844025,0
27.85440468788147,0.8529153985555658,[0.69669464],0.005,0.1,3.2745546113801876,-0.11328052886357887,0
27.86409068107605,0.8493982216543056,[0.69118597],0.005,0.1,3.121527989686643,-0.11400611744190423,0
27.873915672302246,0.8452948486028355,[0.68573625],0.005,0.1,2.9406208664661078,-0.11309986648423577,0
27.88145422935486,0.8419730704183122,[0.68035012],0.005,0.1,2.7498211247681725,-0.11236905428390431,0
27.89282989501953,0.8370881024998954,[0.67503144],0.005,0.1,2.55909005734589,-0.11054122237900582,0
27.9043869972229,0.8323985332982152,[0.66978309],0.005,0.1,2.373910925162472,-0.10903535235769661,0
27.912370920181274,0.828881356396955,[0.6646138],0.005,0.1,2.1972166201389207,-0.07759342551671525,0
27.921805143356323,0.8247779833454851,[0.6595302],0.005,0.1,2.0304597479736164,-0.11785518043324775,0
27.931482791900635,0.8204792115772783,[0.65453007],0.005,0.1,1.8742210179243401,-0.08268831292142922,0
27.942505836486816,0.815985041092335,[0.64961046],0.005,0.1,1.728563836130685,-0.12225754826870519,0
27.951375722885132,0.8122724654743383,[0.64476781],0.005,0.1,1.5932460113826852,-0.08594416371354022,0
27.96160340309143,0.808169092422868,[0.63999742],0.005,0.1,1.4678488941687582,-0.1290120481043665,0
27.970399856567383,0.8042611180881346,[0.63529352],0.005,0.1,1.3518575103215207,-0.09100152757059404,0
27.9804265499115,0.8001577450366647,[0.63065672],0.005,0.1,1.2447108454254432,-0.0997051259294577,0
27.98918581008911,0.7962497707019311,[0.62608563],0.005,0.1,1.1458335162168596,-0.10788780807653424,0
28.00134587287903,0.7913648027835144,[0.6215625],0.005,0.1,1.0546556034546037,-0.15727638806501962,0
28.010368824005127,0.7876522271655179,[0.61707072],0.005,0.1,0.9706248389714125,-0.10982300372683454,0
28.02043390274048,0.7835488541140476,[0.61261034],0.005,0.1,0.8932138034183392,-0.11779808760296502,0
28.0294029712677,0.779836278496051,[0.60818048],0.005,0.1,0.8219238516947277,-0.12473823581893785,0
28.041431188583374,0.7743651144274242,[0.60376446],0.005,0.1,0.7562868935713956,-0.17416972891902335,0
28.05042839050293,0.7706525388094273,[0.59934805],0.005,0.1,0.6958657787079466,-0.11959839979236367,0
28.05957531929016,0.766744564474694,[0.59493512],0.005,0.1,0.6402537878536494,-0.12340258360784467,0
28.070027112960815,0.7622503939897506,[0.59052992],0.005,0.1,0.3130352080597858,-0.12401055163390444,0
28.081228017807007,0.7577562235048073,[0.58612297],0.005,0.1,0.23281277397015182,-0.1611805055743628,0
28.090476989746094,0.7538482491700736,[0.58170824],0.005,0.1,0.5206099676653348,-0.10738356914809305,0
28.10003423690796,0.7495494774018672,[0.57729684],0.005,0.1,0.5899423354144866,-0.10357520844632986,0
28.107351541519165,0.7464230979340803,[0.57290679],0.005,0.1,0.5686765713117439,-0.07224992842785112,0
28.118316411972046,0.741928927449137,[0.56854908],0.005,0.1,0.23941622539768492,-0.09912475717768014,0
28.12817692756653,0.7374347569641935,[0.56422349],0.005,0.1,0.1467064548380174,-0.08830049061451407,0
28.138408184051514,0.73352678262946,[0.55993231],0.005,0.1,0.1460203484907879,-0.07821267642741486,0
28.147359609603882,0.7296188082947267,[0.55569033],0.005,0.1,0.1733439780439942,-0.052204691677027015,0
28.157756090164185,0.7253200365265199,[0.55151203],0.005,0.1,-0.0736232344731127,-0.06537711882649763,0
28.166383266448975,0.7218028596252599,[0.54740609],0.005,0.1,-0.0850664892662895,-0.04322361695982695,0
28.177704334259033,0.7175040878570531,[0.54338128],0.005,0.1,-0.01747601339039529,-0.05210156938619339,0
28.188651084899902,0.712228322505163,[0.53944268],0.005,0.1,0.06293084550509818,-0.04384572699043149,0
28.197855234146118,0.708124949453693,[0.53559537],0.005,0.1,0.13143210639671427,-0.037469380716258556,0
28.20635151863098,0.7046077725524329,[0.53184811],0.005,0.1,0.18150733988493073,-0.03254557241660438,0
28.215986013412476,0.7006997982176995,[0.52820841],0.005,0.1,0.21395701010789575,-0.02861166101326356,0
28.22533106803894,0.6967918238829661,[0.52468523],0.005,0.1,0.23199832749573493,-0.01959608581933498,0
28.235557794570923,0.6924930521147594,[0.52128836],0.005,0.1,0.2391883250371351,-0.0191246781911795,0
28.245883464813232,0.6881942803465526,[0.51802205],0.005,0.1,0.23864783815460067,-0.01854273008522559,0
28.254805088043213,0.6844817047285559,[0.51488574],0.005,0.1,0.2328570537373753,-0.017979871372993936,0
28.264885902404785,0.6799875342436125,[0.51187768],0.005,0.1,0.22368163790834397,-0.01729792218997383,0
28.274101734161377,0.6762749586256158,[0.50899505],0.005,0.1,0.21247552011743032,-0.01676087837639813,0
28.285221576690674,0.6717807881406723,[0.50623404],0.005,0.1,0.2001949724336048,-0.016209627484546026,0
28.297206163406372,0.6668958202222556,[0.50358709],0.005,0.1,0.18749942271496872,-0.020597934652777615,0
28.30600929260254,0.662987845887522,[0.50104616],0.005,0.1,0.45087076339375787,-0.014388378311758883,0
28.316622734069824,0.6586890741193153,[0.49860831],0.005,0.1,0.4716462792122331,-0.014655637467536602,0
28.32634973526001,0.6545857010678453,[0.49626924],0.005,0.1,0.4046988360695536,-0.015032356815684359,0
28.33835530281067,0.6497007331494286,[0.49401769],0.005,0.1,0.3173682283056534,-0.02065276254259302,0
28.348328113555908,0.6455973600979584,[0.49183923],0.005,0.1,0.5122969979479364,-0.019754728895309326,0
28.356332302093506,0.642275581913435,[0.48972615],0.005,0.1,0.4788908972288716,-0.014093142132727332,0
28.365922212600708,0.6387584050121751,[0.48767667],0.005,0.1,0.3725614366233554,-0.01533395143048658,0
28.37712597846985,0.6344596332439683,[0.48568155],0.005,0.1,0.5345208740886394,-0.022256879231104774,0
28.386194467544556,0.6311378550594449,[0.48372872],0.005,0.1,0.7456827931252233,-0.015577697358052069,0
28.396331787109375,0.6268390832912382,[0.4818138],0.005,0.1,0.9236189530933623,-0.016392397366313087,0
28.407387495040894,0.622149514089558,[0.47992919],0.005,0.1,0.7699267611317322,-0.02285921421542674,0
28.41543936729431,0.6188277359050346,[0.47806478],0.005,0.1,0.529412635187775,-0.015643236043221796,0
28.424501419067383,0.6153105590037747,[0.47621842],0.005,0.1,0.576324938487387,-0.01619027886874158,0
28.43435502052307,0.6115979833857779,[0.47438812],0.005,0.1,0.423920955435904,-0.016477451880940734,0
28.442412614822388,0.6080808064845178,[0.47257204],0.005,0.1,0.23120683349385227,-0.011772024942706426,0
28.453012466430664,0.6039774334330478,[0.47076849],0.005,0.1,0.059354047996201156,-0.018089733066487933,0
28.462623596191406,0.6000694590983143,[0.46896926],0.005,0.1,-0.07384160649781046,-0.017565688564860307,0
28.47433114051819,0.5951844911798975,[0.4671672],0.005,0.1,0.10764196850188909,-0.017044788576884663,0
28.48323082923889,0.5914719155619009,[0.4653593],0.005,0.1,0.07864031284790136,-0.0168382453479441,0
28.493010759353638,0.5875639412271675,[0.4635428],0.005,0.1,-0.013570956256476856,-0.0167193078576003,0
28.503057718276978,0.5840467643259073,[0.46171511],0.005,0.1,-0.10845272828699888,-0.016724024964092615,0
28.514346837997437,0.5797479925577007,[0.45987388],0.005,0.1,0.09117292684427111,-0.016618413980196808,0
28.52651309967041,0.5746676259225473,[0.45801361],0.005,0.1,0.07056866424579929,-0.022250303796851043,0
28.534906148910522,0.5715412464547605,[0.45612979],0.005,0.1,-0.017881645938866812,-0.014773799234694397,0
28.543473720550537,0.5682194682702371,[0.45422937],0.005,0.1,-0.11115824475989736,-0.010417043851961263,0
28.553966999053955,0.5639206965020302,[0.45231837],0.005,0.1,0.0891059038699674,-0.016774180326881567,0
28.56432843208313,0.5600127221672969,[0.45039126],0.005,0.1,0.06873235441416273,-0.01650991808842056,0
28.57314682006836,0.5563001465493002,[0.44844327],0.005,0.1,-0.01964034768158747,-0.01633638332688222,0
28.583269119262695,0.5525875709313035,[0.4464738],0.005,0.1,-0.11288227935697212,-0.01630223891010883,0
28.595308303833008,0.5478980017296233,[0.44448217],0.005,0.1,-0.18862154858647528,-0.01622813069361902,0
28.606744527816772,0.5432084325279433,[0.44246351],0.005,0.1,0.03396731890692181,-0.02272824585056922,0
28.615303993225098,0.5400820530601566,[0.44041328],0.005,0.1,0.03387999409584096,-0.015298719282002842,0
28.62330436706543,0.5369556735923698,[0.43833488],0.005,0.1,-0.03829903285230347,-0.016555968984120803,0
28.632887363433838,0.5330476992576364,[0.43623033],0.005,0.1,-0.11951798437428716,-0.017821801566952532,0
28.64133334159851,0.5301167185065864,[0.43410094],0.005,0.1,-0.18678197500731838,-0.012901374881509112,0
28.653881549835205,0.5250363518714329,[0.43194681],0.005,0.1,0.041507433364953286,-0.022592251467497108,0
28.661344289779663,0.5221053711203829,[0.42976293],0.005,0.1,0.04505359974709792,-0.016039067765129773,0
28.67130756378174,0.5185881942191228,[0.4275492],0.005,0.1,-0.02498197260112443,-0.01867168134381097,0
28.67932367324829,0.5154618147513361,[0.42530482],0.005,0.1,-0.1051043224032021,-0.02112715993362881,0
28.68880033493042,0.511944637850076,[0.42302379],0.005,0.1,0.1040482434645181,-0.02318444271680787,0
28.696908473968506,0.5086228596655527,[0.42070059],0.005,0.1,0.08932140606287299,-0.024979880554403634,0
28.7053005695343,0.5054964801977658,[0.41833558],0.005,0.1,0.004231643041952816,-0.01794169169033079,0
28.717333793640137,0.5008069109960859,[0.41592887],0.005,0.1,-0.08739870677089209,-0.03030284037340378,0
28.726794481277466,0.4974851328115624,[0.41346988],0.005,0.1,-0.1626765745850588,-0.03059797642960163,0
28.73530650138855,0.4941633546270391,[0.4109553],0.005,0.1,-0.21643402941586198,-0.02131770873736068,0
28.745341300964355,0.490059981575569,[0.40839349],0.005,0.1,-0.25045078649520947,-0.02382871386664592,0
28.75452446937561,0.4863474059575722,[0.40578638],0.005,0.1,-0.2686424456156062,-0.025859616915414267,0
28.76231026649475,0.4832210264897855,[0.40313602],0.005,0.1,-0.2750582986129279,-0.01860207927255186,0
28.77292561531067,0.4789222547215788,[0.40044451],0.005,0.1,-0.27316263038579686,-0.0312424977246702,0
28.781757831573486,0.47560047653705534,[0.39770292],0.005,0.1,-0.2656728777229171,-0.031175198108594784,0
28.790458917617798,0.47227869835253194,[0.39490989],0.005,0.1,-0.254616808345042,-0.021573611581977462,0
28.79833459854126,0.4693477176014819,[0.3920761],0.005,0.1,-0.2414576364665441,-0.024071829696939752,0
28.80634117126465,0.4662213381336952,[0.38921114],0.005,0.1,-0.22722401660211494,-0.017444587389076463,0
28.814346075057983,0.4632903573826451,[0.38632365],0.005,0.1,-0.21262212406129555,-0.02078799617904849,0
28.824305057525635,0.4595777817646485,[0.3834158],0.005,0.1,-0.19812454181265854,-0.02322916313024629,0
28.83302593231201,0.45586520614665166,[0.38048424],0.005,0.1,-0.18403759360359,-0.024760266519271733,0
28.843156814575195,0.4519572318119182,[0.3775267],0.005,0.1,-0.17055093859182255,-0.025588145287583613,0
28.854349613189697,0.4478538587604482,[0.37454195],0.005,0.1,-0.15777343117863335,-0.02586180005634918,0
28.86433434486389,0.4441412831424515,[0.37152958],0.005,0.1,0.1302796451520245,-0.02603000655112326,0
28.876152515411377,0.43945171394077137,[0.36848464],0.005,0.1,0.17463965475087134,-0.03479784086788139,0
28.886422395706177,0.435543739606038,[0.36539852],0.005,0.1,0.13000641918127726,-0.03135923160524719,0
28.895573377609253,0.4320265627047779,[0.36227548],0.005,0.1,0.06363759639546929,-0.020752880896826892,0
28.9068386554718,0.4277277909365711,[0.35912536],0.005,0.1,0.0021163396986249305,-0.029216639361852138,0
28.914422035217285,0.42440601275204776,[0.35595198],0.005,0.1,-0.046180358021579465,-0.019452284066159304,0
28.923884391784668,0.4208888358507877,[0.35276429],0.005,0.1,0.19555014879050175,-0.020054033132096364,0
28.931551218032837,0.4175670576662643,[0.34957056],0.005,0.1,0.20635565770353115,-0.020410360695711085,0
28.940299034118652,0.4144406781984775,[0.34637808],0.005,0.1,0.13827400270707774,-0.014205849191851553,0
28.949925661087036,0.41072810258048087,[0.34319838],0.005,0.1,0.05606690734869563,-0.015762920048457422,0
28.957343578338623,0.40838331797964084,[0.34004133],0.005,0.1,-0.0157420345763796,-0.011490116548444946,0
28.967363595962524,0.4046707423616441,[0.33691055],0.005,0.1,-0.07037016771527228,-0.019398115538918407,0
28.977093935012817,0.40056736931017395,[0.3337998],0.005,0.1,-0.10824229311597144,-0.018836129201575243,0
28.98733401298523,0.39685479369217724,[0.33070416],0.005,0.1,0.14381398699712547,-0.018206229510596184,0
28.99632716178894,0.3935330155076539,[0.32762922],0.005,0.1,0.16357239294164427,-0.012341050828749348,0
29.00690984725952,0.38982043988965714,[0.32458011],0.005,0.1,0.3788522772377257,-0.01856336917663232,0
29.015302419662476,0.38688945913860706,[0.32155679],0.005,0.1,0.3356023125413191,-0.012479170157328186,0
29.02430772781372,0.38356768095408367,[0.3185637],0.005,0.1,0.21329600201107934,-0.013067294083460553,0
29.03410291671753,0.37965970661935033,[0.31560471],0.005,0.1,0.362250554777658,-0.013279501279662686,0
29.044633865356445,0.3759471310013535,[0.31267876],0.005,0.1,0.28986437416416677,-0.013198900083126715,0
29.05430030822754,0.3724299541000935,[0.30978497],0.005,0.1,0.43251983890759665,-0.013161092690272356,0
29.063836097717285,0.36871737848209674,[0.30692247],0.005,0.1,0.3360855774090155,-0.012891287988388681,0
29.072308778762817,0.3655909990143101,[0.30409453],0.005,0.1,0.17695390681637907,-0.008772065233661707,0
29.082306385040283,0.36187842339631326,[0.30130391],0.005,0.1,0.30178360070496396,-0.013526405341688644,0
29.09186816215515,0.3583612464950532,[0.29854466],0.005,0.1,0.2146714492304992,-0.012791075755011337,0
29.103740215301514,0.3542578734435831,[0.29581171],0.005,0.1,0.34932763461728694,-0.012008695158772105,0
29.112831354141235,0.35132689269253303,[0.29310482],0.005,0.1,0.249578257955682,-0.01154245186950373,0
29.12127923965454,0.34839591194148306,[0.29042763],0.005,0.1,0.09030773278481391,-0.007754536042927818,0
29.130334615707397,0.34526953247369635,[0.28778698],0.005,0.1,0.21708746446164395,-0.008347208563659293,0
29.13976263999939,0.3419477542891729,[0.28518458],0.005,0.1,0.13324382057263542,-0.008679611344836673,0
29.1492817401886,0.33862597610464956,[0.28261776],0.005,0.1,0.2719491759221792,-0.008825952396502837,0
29.157299280166626,0.33589039407033616,[0.28008783],0.005,0.1,0.17665954172037837,-0.006078372744006541,0
29.165674686431885,0.3327640146025494,[0.27759942],0.005,0.1,0.2980469965594119,-0.006809418910955115,0
29.17530655860901,0.32944223641802606,[0.27515241],0.005,0.1,0.18652593401282466,-0.007253313153298057,0
29.184778690338135,0.32612045823350266,[0.27274271],0.005,0.1,0.01895901954365907,-0.00746390900091315,0
29.193819761276245,0.32338487619918926,[0.27036669],0.005,0.1,0.1409939059487173,-0.0076053400417259364,0
29.20128297805786,0.3208446928816125,[0.26802469],0.005,0.1,0.05536365726837275,-0.005215734421597592,0
29.210044145584106,0.31791371213056246,[0.26572039],0.005,0.1,0.1945089781312136,-0.005822232388616959,0
29.22143793106079,0.31381033907909234,[0.2634531],0.005,0.1,0.10122195400675613,-0.006062794830217719,0
29.229275226593018,0.31127015576151573,[0.26121851],0.005,0.1,0.2256399456105711,-0.006299118109033582,0
29.23935079574585,0.30775297886025565,[0.25901286],0.005,0.1,0.3938118545269353,-0.0062785479243893435,0
29.2481906414032,0.30501739682594226,[0.25683296],0.005,0.1,0.5393941198694896,-0.006248240883368137,0
29.259173154830933,0.30169561864141886,[0.25467617],0.005,0.1,0.6435691601277058,-0.006056986680459634,0
29.27100682258606,0.29798304302342216,[0.25253723],0.005,0.1,0.7068949863381708,-0.007878044019187938,0
29.27913475036621,0.2952474609891087,[0.25041199],0.005,0.1,0.7365527188092172,-0.004994499438595286,0
29.288556814193726,0.29251187895479536,[0.24830368],0.005,0.1,0.7408957233009819,-0.004886051961508076,0
29.29636812210083,0.29016709435395527,[0.24621541],0.005,0.1,0.4513331061717178,-0.004764779345060303,0
29.30744433403015,0.28664991745269525,[0.24414694],0.005,0.1,0.6688104982182882,-0.00447926556874919,0
29.31530213356018,0.2843051328518552,[0.24210129],0.005,0.1,0.4481316233946551,-0.002960501004306741,0
29.32637119293213,0.2807879559505952,[0.24008132],0.005,0.1,0.3989561970533022,-0.004341624394700328,0
29.334285259246826,0.2784431713497551,[0.23808679],0.005,0.1,0.4095607377634302,-0.002809926078774436,0
29.34313726425171,0.2757075893154417,[0.2361204],0.005,0.1,0.15644647659737662,-0.0028321574808727887,0
29.354268789291382,0.272581209847655,[0.23418476],0.005,0.1,0.14066747280822828,-0.00275292402743559,0
29.365336418151855,0.2694548303798682,[0.23227956],0.005,0.1,0.20262042294074675,-0.0026131590525081297,0
29.375309228897095,0.2665238496288182,[0.23040476],0.005,0.1,0.27540055663551466,-0.0024584286036788932,0
29.38527774810791,0.26359286887776817,[0.22856047],0.005,0.1,0.3345340113557242,-0.002297162782404344,0
29.39531707763672,0.2604664894099814,[0.22674683],0.005,0.1,0.37402347091298993,-0.002126411207253404,0
29.40612769126892,0.2575355086589314,[0.22496165],0.005,0.1,0.39519628506096677,-0.002731115258899427,0
29.415279388427734,0.25499532534135466,[0.223203],0.005,0.1,0.4017059492783345,-0.0016811639941466143,0
29.425365447998047,0.2528459394572513,[0.22147372],0.005,0.1,0.673475131304007,-0.0016482002928740935,0
29.433292388916016,0.2510873510066213,[0.21977604],0.005,0.1,0.9709400319035204,-0.0016539276783638713,0
29.442740201950073,0.24893796512251787,[0.21810921],0.005,0.1,1.2085093423870115,-0.0016342315232357003,0
29.452807188034058,0.24659318052167786,[0.2164723],0.005,0.1,1.643190351431343,-0.0016014473832348067,0
29.461297035217285,0.24522538950452114,[0.2148664],0.005,0.1,2.039033651476598,-0.0010942646687239742,0
29.469271659851074,0.2436621997706278,[0.21329435],0.005,0.1,2.0466542187192136,-0.0012371324673019705,0
29.477253437042236,0.24209901003673442,[0.21175817],0.005,0.1,2.455336026955993,-0.0008830352597458057,0
29.48538041114807,0.24053582030284107,[0.21025918],0.005,0.1,2.3339692595471098,-0.0010772585916268768,0
29.495295763015747,0.2391680292856844,[0.20879593],0.005,0.1,2.8650939845094046,-0.0012423842296216154,0
29.5052649974823,0.23760483955179101,[0.20736468],0.005,0.1,2.918949425100992,-0.0013528744326495865,0
29.515269994735718,0.2360416498178977,[0.205962],0.005,0.1,3.049902588990289,-0.001430508070505413,0
29.526092290878296,0.23467385880074096,[0.20458273],0.005,0.1,2.8681629278958596,-0.002052183291149721,0
29.534738779067993,0.2336968652170576,[0.2032224],0.005,0.1,2.585848757629901,-0.0013855732735715716,0
29.542272806167603,0.23291527035011095,[0.20188133],0.005,0.1,2.293759102669588,-0.0014640553429713758,0
29.553263902664185,0.2313520806162176,[0.20055977],0.005,0.1,2.3025320265269142,-0.0014867619632860994,0
29.562691688537598,0.2303750870325342,[0.19925595],0.005,0.1,1.8268087415549021,-0.0015058342836794213,0
29.571287393569946,0.22959349216558755,[0.19797036],0.005,0.1,1.5395817562645322,-0.001067551155183179,0
29.582281589508057,0.22842109986516748,[0.19670359],0.005,0.1,1.34914872560168,-0.0016271527338770624,0
29.59189248085022,0.2272487075647475,[0.19545263],0.005,0.1,1.209875839447589,-0.0015395226070127274,0
29.601277112960815,0.2266625114145375,[0.1942169],0.005,0.1,0.8229814984425408,-0.0010709276401077393,0
29.60927104949951,0.22588091654759082,[0.19299974],0.005,0.1,0.41998719578510857,-0.0011235531210201995,0
29.621101140975952,0.22509932168064412,[0.19180091],0.005,0.1,0.08333777663114766,-0.0015243830269943352,0
29.630260944366455,0.22451312553043412,[0.19061877],0.005,0.1,0.10705310596365283,-0.001040321382152621,0
29.639101266860962,0.22412232809696078,[0.18945536],0.005,0.1,-0.03502302521461874,-0.0010490606596716412,0
29.649256467819214,0.22334073323001408,[0.18831137],0.005,0.1,-0.203069265450933,-0.0013452128164037661,0
29.659586429595947,0.22294993579654077,[0.18718613],0.005,0.1,-0.3451122639736206,-0.0009166087511528951,0
29.668975353240967,0.22275453707980408,[0.18608202],0.005,0.1,-0.4476527017775218,-0.0009089034277771484,0
29.677277088165283,0.22236373964633074,[0.18500247],0.005,0.1,-0.23658043974722964,-0.0006598097656032031,0
29.688992261886597,0.22216834092959406,[0.18394912],0.005,0.1,-0.23782801255778047,-0.0009510294157640005,0
29.6972439289093,0.22177754349612072,[0.18292209],0.005,0.1,-0.3043515972023776,-0.0006820751321322784,0
29.70849061012268,0.22138674606264738,[0.18192144],0.005,0.1,-0.3756023574086601,-0.000938177193953486,0
29.718844175338745,0.22119134734591073,[0.18094608],0.005,0.1,-0.7063687550963673,-0.0008881695223134229,0
29.727745532989502,0.22119134734591073,[0.17999501],0.005,0.1,-0.7733387877526045,-0.0008559686533648123,0
29.735291004180908,0.22119134734591073,[0.17906938],0.005,0.1,-0.7333620192109958,-0.0006335317849691172,0
29.744279623031616,0.22080054991243736,[0.17817103],0.005,0.1,-0.933781982154715,-0.0006689564073753699,0
29.753918886184692,0.22080054991243736,[0.17730022],0.005,0.1,-1.162324515891581,-0.0007036859038696248,0
29.761311054229736,0.2206051511957007,[0.17645689],0.005,0.1,-1.6185899015017868,-0.0005424388823330493,0
29.770100593566895,0.2206051511957007,[0.17564065],0.005,0.1,-1.766030183652589,-0.0008113501676415744,0
29.77868938446045,0.22040975247896405,[0.17484984],0.005,0.1,-1.7648227666769654,-0.0006181304290695818,0
29.789310216903687,0.22040975247896405,[0.17408372],0.005,0.1,-1.9708406862865648,-0.0006801555180930256,0
29.799254417419434,0.22021435376222737,[0.17334134],0.005,0.1,-2.180791671315342,-0.0007292161388721578,0
29.810558557510376,0.22001895504549068,[0.17261951],0.005,0.1,-2.3259489161978317,-0.0010006038593577014,0
29.818840265274048,0.22001895504549068,[0.17191521],0.005,0.1,-2.3947513132311817,-0.0007469933704018389,0
29.828527688980103,0.219823556328754,[0.17122769],0.005,0.1,-2.397157978062004,-0.0007926605337976534,0
29.837382555007935,0.219823556328754,[0.17055601],0.005,0.1,-2.3489620550689985,-0.0008391244986628422,0
29.84685778617859,0.219823556328754,[0.1698981],0.005,0.1,-1.9894034198258859,-0.0008838847182080585,0
29.855268239974976,0.21962815761201734,[0.16925303],0.005,0.1,-1.85006765057521,-0.0006906485522666434,0
29.865270853042603,0.21962815761201734,[0.16862084],0.005,0.1,-1.7859166285248085,-0.0007811041082357594,0
29.87618637084961,0.2194327588952807,[0.1679993],0.005,0.1,-1.73673278972018,-0.0011061598175237891,0
29.8847336769104,0.21923736017854403,[0.16738532],0.005,0.1,-1.6808725198169312,-0.0008306437272696502,0
29.893282890319824,0.21923736017854403,[0.16677837],0.005,0.1,-1.6133054201437376,-0.0008828736969306002,0
29.90528154373169,0.21904196146180732,[0.16617801],0.005,0.1,-1.5354468051808081,-0.0009163806511587034,0
29.914289712905884,0.21904196146180732,[0.16558285],0.005,0.1,-1.450642097475368,-0.0009383884149315339,0
29.92741107940674,0.21884656274507067,[0.16499082],0.005,0.1,-1.36230593720117,-0.0011987778889102697,0
29.936228275299072,0.21884656274507067,[0.16440024],0.005,0.1,-1.273268848405511,-0.0008840692591408312,0
29.946251153945923,0.218651164028334,[0.16381081],0.005,0.1,-1.185643881316257,-0.001140481296584669,0
29.957803964614868,0.21845576531159733,[0.16322137],0.005,0.1,-1.1008946345876247,-0.001077194325844001,0
29.966227531433105,0.21845576531159733,[0.16263198],0.005,0.1,-1.0199629910785017,-0.0008121570591194018,0
29.97422218322754,0.21845576531159733,[0.16204463],0.005,0.1,-0.9433980721798559,-0.0008482178044135639,0
29.986238479614258,0.21826036659486067,[0.16145919],0.005,0.1,-0.8714657963303645,-0.0010981755714618905,0
29.99522614479065,0.21806496787812396,[0.16087468],0.005,0.1,-0.8042347743981408,-0.0008225270771435902,0
