t_s,q_rad,q_des_rad,K,B,Kff,jerk,tau_Nm,reward
0.005418539047241211,1.1641855543170812,0.09388574957847595,9.825212432529046,0.9781515540661307,1.9737818648793566,0.0,-9.9,0.5
0.06418156623840332,1.1641855543170812,0.13522565364837646,9.650424865058092,0.9563031081322615,1.9475637297587132,0.0,-9.999,0.5
0.12792444229125977,1.1641855543170812,0.1887349784374237,9.475637297587138,0.9344546621983922,1.92134559463807,0.0,-9.99999,0.5
0.19208145141601562,1.1641855543170812,0.256610631942749,9.300849730116184,0.9126062162645229,1.8951274595174268,0.0,-9.9999999,0.5
0.25576353073120117,1.1639901556003445,0.33958640694618225,9.12606216264523,0.8907577703306536,1.8689093243967834,0.0,-9.999999999,0.5
0.31988048553466797,1.1641855543170812,0.42726826667785645,8.951274595174274,0.8689093243967844,1.84269118927614,0.0,9.80000000001,0.5
0.3838338851928711,1.1641855543170812,0.5165315270423889,8.77648702770332,0.847060878462915,1.8164730541554968,0.0,9.9980000000001,0.5
0.4479858875274658,1.1641855543170812,0.6011737585067749,8.601699460232366,0.8252124325290457,1.7902549190348536,0.0,9.99998,0.5
0.5118706226348877,1.1641855543170812,0.6904288530349731,8.426911892761412,0.8033639865951765,1.7640367839142101,0.0,9.999999800000001,0.5
0.5759479999542236,1.1641855543170812,0.7750487327575684,8.252124325290458,0.7815155406613071,1.7378186487935667,0.0,9.999999998,0.5000000000000704
0.6397647857666016,1.1641855543170812,0.8628849983215332,8.077336757819502,0.7596670947274378,1.7116005136729235,0.0,5.04999999998,0.5000000130248728
0.7037396430969238,1.167311933784868,0.9476522207260132,7.902549190348549,0.7378186487935685,1.6853823785522803,5.0,5.0004999999998,0.48179648267188413
0.7676670551300049,1.1929091656773718,1.0419038534164429,7.727761622877595,0.7159702028596993,1.659164243431637,5.0,5.000004999999998,0.49218867315337334
0.8316633701324463,1.2187017962866122,1.1392688751220703,7.55297405540664,0.6941217569258299,1.6329461083109935,5.0,5.000000050000001,0.7648426202289447
0.8958370685577393,1.244299028179116,1.238135576248169,7.378186487935686,0.6722733109919605,1.6067279731903503,5.0,5.0000000005,1.4741632232025235
0.9596982002258301,1.2702870575050933,1.3369613885879517,7.203398920464732,0.6504248650580913,1.5805098380697071,5.0,5.0000000000050004,0.8927603314363122
1.0236830711364746,1.2958842893975973,1.4279478788375854,7.028611352993777,0.6285764191242219,1.5542917029490637,5.0,5.00000000000005,0.5122891585585292
1.087852954864502,1.3222631161570475,1.5173691511154175,6.853823785522822,0.6067279731903527,1.5280735678284203,2.253419961525447,5.000000000000001,0.49672811264800065
1.1516966819763184,1.347469550616078,1.598934292793274,6.679036218051868,0.5848795272564833,1.501855432707777,-0.9634920188934926,5.0,0.4993126552510273
1.2158641815185547,1.373457579942055,1.688348412513733,6.504248650580913,0.563031081322614,1.475637297587134,-3.7090757041121725,5.0,0.48986326737467845
1.2797222137451172,1.3992502105512956,1.7856086492538452,6.329461083109958,0.5411826353887447,1.4494191624664907,-5.0,5.0,0.48173206212404374
1.343909502029419,1.425042841160536,1.882665991783142,6.154673515639004,0.5193341894548753,1.4232010273458477,-5.0,5.0,0.4817320621239355
1.4076611995697021,1.4510308704865131,1.9780263900756836,5.97988594816805,0.5,1.3969828922252046,-5.0,5.0,0.4817320621239355
1.4719133377075195,1.4770188998124902,2.071523427963257,5.805098380697095,0.5,1.3707647571045614,-5.0,5.0,0.4817320621239355
1.5356521606445312,1.5028115304217309,2.1519603729248047,5.63031081322614,0.5,1.3445466219839184,-5.0,5.0,0.4817320621239355
1.599729299545288,1.528799559747708,2.2058017253875732,5.455523245755186,0.5,1.3183284868632752,-5.0,-5.245249278971133,0.4817320621239355
1.663621425628662,1.5497072224385315,2.2438910007476807,5.280735678284231,0.5,1.292110351742632,-5.0,-9.952452492789712,0.4817320621239355
1.7280230522155762,1.5245007879795012,2.2708160877227783,5.105948110813277,0.5,1.2658922166219888,-5.0,-9.999524524927898,0.4817320621239355
1.7917675971984863,1.4987081573702605,2.2897133827209473,5.0,0.5,1.2396740815013456,-5.0,-9.999995245249279,0.4817320621239355
1.855710506439209,1.4727201280442836,2.3041799068450928,5.0,0.5,1.2134559463807026,-5.0,-9.999999952452493,0.4817320621239355
1.9200615882873535,1.4465367000015699,2.3151535987854004,5.0,0.5,1.1872378112600595,-5.0,-9.999999999524526,0.4817320621239355
1.983703374862671,1.420939468109066,2.324101686477661,5.0,0.5,1.1610196761394163,-5.0,-9.999999999995246,0.4817320621239355
2.0479512214660645,1.3953422362165622,2.331043004989624,5.0,0.5,1.1348015410187733,-4.22570863314363,-9.999999999999952,0.4868826618459193
2.1117048263549805,1.369354206890585,2.3368566036224365,5.0,0.5,1.10858340589813,-0.020049012794902676,-10.0,0.4999997007786821
2.175696611404419,1.3435615762813446,2.3414785861968994,5.0,0.5,1.082365270777487,4.491676445465656,-10.0,0.4852049130027965
2.240070104598999,1.3173781482386306,2.3456344604492188,5.0,0.5,1.0561471356568437,5.0,-10.0,0.4817320621239355
2.303708553314209,1.2913901189126538,2.3491313457489014,5.0,0.5,1.0299290005362005,5.0,-5.05,0.4817320621239355
2.3675904273986816,1.2657928870201498,2.3520519733428955,5.0,0.5,1.0037108654155575,5.0,-5.000500000000001,0.4817320621239355
2.4316229820251465,1.239609458977436,2.3547847270965576,5.0,0.5,0.9774927302949143,5.0,-5.000005,0.4817320621239355
2.495569944381714,1.2140122270849323,2.3571255207061768,5.0,0.5,0.9512745951742712,5.0,-5.000000050000001,0.4817320621239355
2.5600545406341553,1.1876334003254816,2.3592793941497803,5.0,0.5,0.9250564600536281,5.0,-5.0000000005,0.4817320621239355
2.623617649078369,1.1616453709995045,2.3611059188842773,5.0,0.5,0.898838324932985,5.0,-5.0000000000050004,0.4817320621239355
2.6879074573516846,1.1356573416735274,2.3627655506134033,5.0,0.5,0.8726201898123418,5.0,-5.00000000000005,0.4817320621239355
2.7515952587127686,1.1096693123475503,2.3641958236694336,5.0,0.5,0.8464020546916986,5.0,-5.000000000000001,0.4817320621239355
2.8158352375030518,1.0838766817383099,2.3655521869659424,5.0,0.5,0.8201839195710555,5.0,-5.0,0.4817320621239355
2.8795857429504395,1.0578886524123328,2.3667027950286865,5.0,0.5,0.7939657844504124,5.0,-5.0,0.4817320621239355
2.943575620651245,1.0319006230863554,2.3677332401275635,5.0,0.5,0.7677476493297692,5.0,-5.0,0.4817320621239355
3.007725238800049,1.0059125937603783,2.3686389923095703,5.0,0.5,0.741529514209126,5.0,-5.0,0.4817320621239355
3.07163143157959,0.9799245644344012,2.369384288787842,5.0,0.5,0.715311379088483,5.0,-5.6452620223630365,0.4817320621239355
3.1355538368225098,0.9537411363916874,2.370044231414795,5.0,0.5,0.6890932439678399,5.0,-3.0513574186545473,0.4817320621239355
3.199627637863159,0.9277531070657102,2.3706586360931396,5.0,0.5,0.6628751088471967,5.0,-0.9428676020788828,0.4817320621239355
3.263636827468872,0.9021558751732064,2.3712010383605957,5.0,0.5,0.6366569737265535,5.0,0.7485032365544048,0.4817320621239355
3.3276593685150146,0.8765586432807027,2.3716657161712646,5.0,0.5,0.6104388386059104,5.0,2.1138592938899357,0.4817320621239355
3.39154314994812,0.8728460676627059,2.372046947479248,5.0,0.5,0.5842207034852673,5.0,3.117311266120591,0.4817320621239355
3.4558067321777344,0.8980525021217365,2.3724095821380615,5.0,0.5,0.5580025683646241,5.0,3.7852351667529893,0.4817320621239355
3.519644260406494,0.9234543352975034,2.3727383613586426,5.0,0.5,0.531784433243981,5.0,4.302959936836045,0.4817320621239355
3.5835063457489014,0.9492469659067441,2.3730533123016357,5.0,0.5,0.5055662981233379,5.0,4.710531928807163,0.4817320621239355
3.647500514984131,0.9748441977992479,2.3733408451080322,5.0,0.5,0.4793481630026947,5.0,5.0330969141379285,0.4817320621239355
3.7116124629974365,1.0010276258419617,2.373591661453247,5.0,0.5,0.4531300278820516,5.0,5.28300799658423,0.4817320621239355
3.7754862308502197,1.0266248577344654,2.3738040924072266,5.0,0.5,0.42691189276140845,2.4454927229316947,5.458516562353081,0.49556792143242995
3.8394901752471924,1.0526128870604428,2.373988389968872,5.0,0.5,0.4006937576407653,-2.2317218149117535,5.568579476553381,0.4963061639121795
3.9034814834594727,1.078405517669683,2.374166965484619,5.0,0.5,0.3744756225201221,-5.0,5.63028336894455,0.4817320621239355
3.967499017715454,1.104002749562187,2.3743159770965576,5.0,0.5,0.3482574873994789,-5.0,5.651056631018093,0.4817320621239355
4.03183650970459,1.1297953801714273,2.374467372894287,5.0,0.5,0.3220393522788358,-5.0,5.648221708246952,0.4817320621239355
4.095923185348511,1.155588010780668,2.374603033065796,5.0,0.5,0.2958212171581926,-5.0,5.62747682255104,0.4817320621239355
4.159465551376343,1.1809898439564348,2.3747241497039795,5.0,0.5,0.2696030820375494,-5.0,5.59218446521031,0.4817320621239355
4.22360897064209,1.2073686707158855,2.3748350143432617,5.0,0.5,0.24338494691690624,-5.0,5.5345453439850845,0.4817320621239355
4.2875001430511475,1.233161301325126,2.3749380111694336,5.0,0.5,0.21716681179626307,-5.0,5.468081270956589,0.4817320621239355
4.351687908172607,1.2593447293678397,2.3750250339508057,5.0,0.5,0.19094867667561988,-5.0,5.385139293848095,0.4817320621239355
4.415695667266846,1.2849419612603434,2.3751072883605957,5.0,0.5,0.16473054155497668,-5.0,5.295758778769974,0.4817320621239355
4.479569673538208,1.3107345918695839,2.375180244445801,5.0,0.5,0.13851240643433352,-5.0,5.198300687961853,0.4817320621239355
4.54381251335144,1.3369180199122979,2.375251293182373,5.0,0.5,0.11229427131369034,-5.0,5.093772878862938,0.4817320621239355
4.607672452926636,1.362319853088065,2.3753135204315186,5.0,0.5,0.08607613619304716,-5.0,4.987931012518417,0.4817320621239355
4.671743154525757,1.3885032811307787,2.3753738403320312,5.0,0.5,0.05985800107240398,-5.0,4.875076712475335,0.4817320621239355
4.735513210296631,1.4141005130232824,2.3754265308380127,5.0,0.5,0.0336398659517608,-5.0,4.761502515922131,0.4817320621239355
4.799757242202759,1.4396977449157864,2.375474214553833,5.0,0.5,0.0074217308311176206,-5.0,4.645119834764039,0.4817320621239355
4.863709449768066,1.4656857742417637,2.3755171298980713,5.0,0.5,0.0,-5.0,4.517848826504534,0.4817320621239355
4.927709102630615,1.4918692022844773,2.375556230545044,5.0,0.5,0.0,-5.0,4.386785738802766,0.4817320621239355
4.991461753845215,1.517661832893718,2.3755924701690674,5.0,0.5,0.0,-5.0,4.257463004808364,0.4817320621239355
5.055485486984253,1.5442360583699049,2.375622510910034,5.0,0.5,0.0,-5.0,4.12438635430483,0.4817320621239355
5.119428873062134,1.569833290262409,2.3756511211395264,5.0,0.5,0.0,-5.0,3.996296852377795,0.4817320621239355
5.1834235191345215,1.595625920871649,2.375678777694702,5.0,0.5,0.0,-5.0,3.867276153434272,0.4817320621239355
5.247437953948975,1.6216139501976263,2.375702142715454,5.0,0.5,0.0,-4.930814052196606,3.737171619658422,0.4822250850446524
5.311417818069458,1.6474065808068667,2.3768303394317627,5.0,0.5,0.0,-4.642631068320586,3.6463863615102903,0.4842098783386387
5.3756020069122314,1.6735900088495805,2.374879837036133,5.0,0.5,0.0,-4.006935873267102,3.4375942931921366,0.48818996403233744
5.439412832260132,1.6997734368922943,2.369291067123413,5.0,0.5,0.0,-3.6080789624740666,3.1374217266843165,0.49040252725603545
5.503732919692993,1.725566067501535,2.357177495956421,5.0,0.5,0.0,-3.3179698447138257,2.873699041354021,0.4918717445997959
5.567393779754639,1.751554096827512,2.336934804916382,5.0,0.5,0.0,-3.0781826105480974,2.631397861142998,0.4929961666130422
5.63179612159729,1.7775421261534892,2.3054134845733643,5.0,0.5,0.0,-2.587182046386033,2.148515203831632,0.4950420914566418
5.695399761199951,1.8033347567627296,2.264270067214966,5.0,0.5,0.0,-2.353573072277973,1.5895772281184042,0.4958934938065091
5.759384870529175,1.82912738737197,2.2086260318756104,5.0,0.5,0.0,-2.21898701838051,0.8957373614952611,0.49634804576256164
5.823368787765503,1.8553108154146838,2.132404088973999,5.0,0.5,0.0,-2.115229850810752,-0.0010518160293635035,0.49668068764902473
5.887373208999634,1.880908047307188,2.0360498428344727,5.0,0.5,0.0,-2.567807407624419,-1.0610327529292276,0.5032327018792568
5.951374769210815,1.8992755266804349,1.9449383020401,5.0,0.5,0.0,-5.0,-1.8783823953518786,1.1407412445424567
6.015429735183716,1.888919394693391,1.8506559133529663,5.0,0.5,0.0,-5.0,-2.5100207147893743,1.2278893936409685
6.079529762268066,1.8631267640841507,1.7562915086746216,5.0,0.5,0.0,-5.0,-2.999971103595835,0.5837349289776514
6.143472194671631,1.8371387347581736,1.6681090593338013,5.0,0.5,0.0,-5.0,-3.3597578671306425,0.485030830053789
6.207374095916748,1.8113461041489332,1.5751960277557373,5.0,0.5,0.0,-5.0,-3.771399820515765,0.4817463890232593
6.271458148956299,1.7857488722564294,1.4854425191879272,5.0,0.5,0.0,-5.0,-4.118362728648373,0.48173207680391605
6.335376501083374,1.759370045496979,1.391068458557129,5.0,0.5,0.0,-3.771142846138229,-4.517451726818031,0.48952478144481243
6.399348020553589,1.7333820161710016,1.2983158826828003,5.0,0.5,0.0,1.0339974777671967,-4.878901165633906,0.49920475666995395
6.463366270065308,1.707589385561761,1.2070930004119873,5.0,0.5,0.0,5.0,-5.211693365934597,0.4817320621239355
6.527356147766113,1.6814059575190474,1.1205766201019287,5.0,0.5,0.0,5.0,-5.4755085909064185,0.4817320621239355
6.59136962890625,1.6554179281930703,1.0356769561767578,5.0,0.5,0.0,5.0,-5.728644708918161,0.4817320621239355
6.655537366867065,1.629429898867093,0.942972719669342,5.0,0.5,0.0,5.0,-6.102181242008182,0.4817320621239355
6.71942400932312,1.6032464708243792,0.8534424304962158,5.0,0.5,0.0,5.0,-6.419779082576501,0.4817320621239355
6.783344507217407,1.5768676440649287,0.7701616287231445,5.0,0.5,0.0,5.0,-6.649135584104374,0.4817320621239355
6.847344160079956,1.5512704121724252,0.6821074485778809,5.0,0.5,0.0,5.0,-6.9642787773753545,0.4817320621239355
6.911367654800415,1.5248915854129745,0.5877172350883484,5.0,0.5,0.0,5.0,-7.363077300291305,0.4817320621239355
6.975320816040039,1.4989035560869972,0.49806490540504456,5.0,0.5,0.0,5.0,-7.681290053767264,0.4817320621239355
7.039418697357178,1.4727201280442836,0.4098210632801056,5.0,0.5,0.0,5.0,-7.978400503292604,0.4817320621239355
7.1036481857299805,1.4467320987183063,0.3244357407093048,5.0,0.5,0.0,5.0,-8.240690949658871,0.4817320621239355
7.167316913604736,1.420939468109066,0.26656395196914673,5.0,0.5,0.0,5.0,-8.132630258662562,0.4817320621239355
7.2313385009765625,1.3953422362165622,0.22415342926979065,5.0,0.5,0.0,5.0,-7.8884344705430625,0.4817320621239355
7.295287370681763,1.369354206890585,0.18965688347816467,5.0,0.5,0.0,5.0,-7.62911072069699,0.4817320621239355
7.35956335067749,1.3433661775646077,0.16510070860385895,5.0,0.5,0.0,5.0,-7.321611056958169,0.4817320621239355
7.423295259475708,1.317182749521894,0.14790642261505127,5.0,0.5,0.0,5.0,-6.999966975761125,0.4817320621239355
7.487668037414551,1.2911947201959169,0.13395674526691437,5.0,0.5,0.0,5.0,-6.716440308014346,0.4817320621239355
7.551476240158081,1.2654020895866764,0.12378008663654327,5.0,0.5,0.0,5.0,-6.448174254395824,0.4817320621239355
7.615283727645874,1.239609458977436,0.116197869181633,5.0,0.5,0.0,5.0,-6.20053644011079,0.4817320621239355
7.67927885055542,1.213621429651459,0.11012367904186249,5.0,0.5,0.0,5.0,-5.977678043669078,0.4817320621239355
7.743306398391724,1.1872426028920084,0.10545653104782104,5.0,0.5,0.0,5.0,-5.770215411499806,0.4817320621239355
7.807296276092529,1.1612545735660311,0.10148294270038605,5.0,0.5,0.0,4.954220922840788,-5.5845049632150925,0.48205899896463567
7.871392726898193,1.1350711455233173,0.09854470193386078,5.0,0.5,0.0,4.7449475646434465,-5.406098159241018,0.48351795324607894
7.935279130935669,1.1094739136308136,0.09596669673919678,5.0,0.5,0.0,4.189813255554874,-5.2440782856136945,0.4871016790460218
7.999311447143555,1.0834858843048365,0.09375769644975662,5.0,0.5,0.0,3.8545478396181743,-5.194042799024973,0.4890614657730215
8.06348967552185,1.0573024562621227,0.09173347800970078,5.0,0.5,0.0,3.3314877025502687,-5.083577772224304,0.49180592525119593
8.127259731292725,1.0315098256528823,0.0899922251701355,5.0,0.5,0.0,3.359437958247769,-4.945365697328436,0.4916690131108206
8.191256046295166,1.005521796326905,0.08847701549530029,5.0,0.5,0.0,2.967113036976818,-4.794958746485034,0.49348923817239804
8.25536322593689,0.9793383682841913,0.0870756059885025,5.0,0.5,0.0,3.030472606677252,-4.643145369642389,0.493210125092447
8.31963300704956,0.9531549402414774,0.08583146333694458,5.0,0.5,0.0,2.9161202332685257,-4.492295539647662,0.49370970147452414
8.383374691009521,0.9273623096322371,0.08480516076087952,5.0,0.5,0.0,2.7312781223270353,-4.343006981296319,0.49447758472154013
8.447370290756226,0.9017650777397332,0.0839012861251831,5.0,0.5,0.0,2.8021213391897337,-4.1974900645959705,0.4941890840337235
8.51125717163086,0.8755816496970192,0.08310520648956299,5.0,0.5,0.0,2.632171204652453,-4.051538078093518,0.49486905905081174
8.575300931930542,0.8495936203710422,0.05684351921081543,5.0,0.5,0.0,2.3853900820706455,-4.214054649955554,0.4957821876899694
8.63955283164978,0.8230193948948551,0.052449312061071396,5.0,0.5,0.0,2.408171473322866,-4.066876407335597,0.4957015884701504
8.703284740447998,0.7974221630023514,0.05911920592188835,5.0,0.5,0.0,2.2084871123331826,-3.9220844083219526,0.49638239993236655
8.767252922058105,0.7710433362429008,0.07921366393566132,5.0,0.5,0.0,1.9486069623615987,-3.1626480716166854,0.49718143403951115
8.831247568130493,0.7454461043503969,0.11218515038490295,5.0,0.5,0.0,1.695337713284191,-2.7828755100351077,0.49786503743056204
8.895364046096802,0.7192626763076831,0.1610793024301529,5.0,0.5,0.0,1.1959359193813488,-2.0834169920478964,0.4989364444237208
8.959282398223877,0.6930792482649695,0.2252398431301117,5.0,0.5,0.0,0.9738529155322782,-1.2663854335740874,0.4992945165256019
9.023192167282104,0.6668958202222556,0.3039398491382599,5.0,0.5,0.0,0.5955377381467697,-0.3554727215209215,0.49973605673213084
9.087209463119507,0.6409077908962785,0.3931432068347931,5.0,0.5,0.0,0.5076875914066786,0.5859066898717242,0.4998128255503325
9.151245355606079,0.6158967551539846,0.4772394001483917,5.0,0.5,0.0,1.904158259711617,1.3431287159117964,0.5186909249333733
9.215344190597534,0.6080808064845178,0.5602887868881226,5.0,0.5,0.0,5.0,1.9329344095307384,1.1150292807013367
9.27937650680542,0.6299654627590249,0.6448682546615601,5.0,0.5,0.0,5.0,2.3501255640490175,1.438285482996479
9.343296527862549,0.6557580933682653,0.7294412851333618,5.0,0.5,0.0,5.0,2.716196739877353,0.8193492688602215
9.407294750213623,0.6819415214109791,0.8140832185745239,5.0,0.5,0.0,5.0,3.0605560690770974,0.5121633003221167
9.471235513687134,0.7071479558700097,0.8925472497940063,5.0,0.5,0.0,5.0,3.309039813935419,0.4827657942134654
9.535184860229492,0.73352678262946,0.9742079973220825,5.0,0.5,0.0,5.0,3.600908357516658,0.4817413621865863
9.599178314208984,0.7589286158052272,1.0621789693832397,5.0,0.5,0.0,1.0777943166297854,3.980960280886702,0.4991360317358778
9.663179636001587,0.7851120438479411,1.1454020738601685,5.0,0.5,0.0,-4.1549546967177005,4.272052589347854,0.48731267495991876
9.727272987365723,0.8109046744571815,1.2301441431045532,5.0,0.5,0.0,-5.0,4.583787828737863,0.48173206212393604
9.79117488861084,0.837283501216632,1.3117164373397827,5.0,0.5,0.0,-5.0,4.84380178903267,0.4817320621239355
9.855198860168457,0.8628807331091358,1.3948568105697632,5.0,0.5,0.0,-5.0,5.133801534168604,0.4817320621239355
9.919212579727173,0.889454958585323,1.4780032634735107,5.0,0.5,0.0,-5.0,5.418541872405717,0.4817320621239355
9.983168601989746,0.9150521904778267,1.5611437559127808,5.0,0.5,0.0,-5.0,5.707451121041914,0.4817320621239355
10.047449827194214,0.9412356185205405,1.6442750692367554,5.0,0.5,0.0,-5.0,5.993011525022517,0.4817320621239355
10.111201047897339,0.9668328504130442,1.7290006875991821,5.0,0.5,0.0,-5.0,6.303305981220526,0.4817320621239355
10.175171375274658,0.9934070758892316,1.8183807134628296,5.0,0.5,0.0,-5.0,6.669054339091543,0.4817320621239355
10.239455223083496,1.0186135103482619,1.9044160842895508,5.0,0.5,0.0,-5.0,6.9802530586451095,0.4817320621239355
10.303122997283936,1.0449923371077126,1.9904018640518188,5.0,0.5,0.0,-5.0,7.28244610098491,0.4817320621239355
10.367177724838257,1.0705895690002163,2.0773940086364746,5.0,0.5,0.0,-5.0,7.60121174245868,0.4817320621239355
10.431475162506104,1.09677299704293,2.1495604515075684,5.0,0.5,0.0,-5.0,7.708202423589641,0.4817320621239355
10.495124101638794,1.1221748302186971,2.201049566268921,5.0,0.5,0.0,-5.0,7.5674987908761375,0.4817320621239355
10.559652328491211,1.1487490556948845,2.2370760440826416,5.0,0.5,0.0,-5.0,7.285516319320388,0.4817320621239355
10.62330961227417,1.1741508888706513,2.2604258060455322,5.0,0.5,0.0,-5.0,6.930468114398455,0.4817320621239355
10.687093734741211,1.2003343169133653,2.2796576023101807,5.0,0.5,0.0,-5.0,6.616310836591146,0.4817320621239355
10.7511146068573,1.226126947522606,2.2947440147399902,5.0,0.5,0.0,-5.0,6.329945498052469,0.4817320621239355
10.815130710601807,1.2525057742820562,2.3062973022460938,5.0,0.5,0.0,-5.0,6.061005471347533,0.4817320621239355
10.879313468933105,1.2784938036080336,2.316718339920044,5.0,0.5,0.0,-5.0,5.836292927913975,0.4817320621239355
10.943151950836182,1.3038956367838006,2.3249614238739014,5.0,0.5,0.0,-5.0,5.628230241706054,0.4817320621239355
11.007189750671387,1.3298836661097777,2.3316256999969482,5.0,0.5,0.0,-5.0,5.431815227060942,0.4817320621239355
11.071240425109863,1.3554808980022812,2.337222099304199,5.0,0.5,0.0,-4.679649311310422,5.252212804320811,0.4839611663509634
11.135146856307983,1.3816643260449955,2.341913938522339,5.0,0.5,0.0,-4.433159141247463,5.080938717754757,0.48558232460492473
11.1993567943573,1.4074569566542359,2.345961332321167,5.0,0.5,0.0,-4.204087280799327,4.921683176953909,0.4870147974395432
11.263133525848389,1.433249587263476,2.349315881729126,5.0,0.5,0.0,-3.9736987221626126,4.767918371331524,0.4883827930960626
11.3271803855896,1.4592376165894534,2.3522226810455322,5.0,0.5,0.0,-3.738975628184297,4.688301438223331,0.48970087754628916
11.391272068023682,1.4856164433489039,2.3547523021698,5.0,0.5,0.0,-3.5025864941436105,4.600969671918837,0.49095050585776145
11.455240488052368,1.5112136752414076,2.356929302215576,5.0,0.5,0.0,-3.2685437927408545,4.480563784338396,0.4921101989845661
11.519113302230835,1.5373971032841214,2.3587777614593506,5.0,0.5,0.0,-3.5925789497583995,4.339102130669794,0.49048402201638835
11.583057880401611,1.5629943351766253,2.3604724407196045,5.0,0.5,0.0,-3.439560830599613,4.194981397449494,0.49127041532527255
11.647493839263916,1.589373161936076,2.362013101577759,5.0,0.5,0.0,-3.1207302691849756,4.046318716410671,0.49280261974504763
11.711424589157104,1.6147749951118429,2.3634257316589355,5.0,0.5,0.0,-2.7716371448025616,3.9039642922885696,0.4943141121303241
11.775239706039429,1.6411538218712933,2.3646676540374756,5.0,0.5,0.0,-2.44586752303949,3.757209272655125,0.4955665688348024
11.839106798171997,1.6663602563303237,2.3657538890838623,5.0,0.5,0.0,-1.8841155272997758,3.6167506799143676,0.49736442974673295
11.903082847595215,1.692934481806511,2.3667163848876953,5.0,0.5,0.0,-1.6065390596811153,3.4710205356410375,0.4980824128007813
11.967219114303589,1.7189225111324882,2.367579460144043,5.0,0.5,0.0,-1.4539281722488506,3.329842279928716,0.498428880007077
12.031047821044922,1.745105939175202,2.3683061599731445,5.0,0.5,0.0,-1.3531051321817218,3.187633123712243,0.49863893776298723
12.09506869316101,1.7707031710677057,2.368961811065674,5.0,0.5,0.0,-0.9958385353140123,3.050071175267222,0.49926232686626937
12.159188985824585,1.7970819978271562,2.369565963745117,5.0,0.5,0.0,-0.8879660638163677,2.9106811134363664,0.49941339666370194
12.223174810409546,1.8224838310029234,2.370091438293457,5.0,0.5,0.0,-0.870238677506634,2.776520733488017,0.4994365717356534
12.287158489227295,1.8488626577623737,2.370560884475708,5.0,0.5,0.0,-0.8744633478961172,2.638516148507252,0.4994310911278472
12.351524591445923,1.8746552883716143,2.3709754943847656,5.0,0.5,0.0,-0.8744603329940734,2.503993736695954,0.4994310950484813
12.415127515792847,1.9006433176975914,2.371347188949585,5.0,0.5,0.0,-0.8626030522635839,2.3693021847673634,0.4994464101428276
12.479133367538452,1.9262405495900952,2.3716700077056885,5.0,0.5,0.0,-0.838830344648001,2.2368108622153544,0.49947648698559094
12.543406963348389,1.952423977632809,2.371976375579834,5.0,0.5,0.0,-1.0817100795652097,2.1028163095133574,0.4991297376323366
12.60715126991272,1.9778258108085762,2.372243642807007,5.0,0.5,0.0,-1.351324230388948,1.9728067765631536,0.4986425132897589
12.671027183532715,2.0045954350015,2.3724868297576904,5.0,0.5,0.0,-1.2860659240347552,1.836463622594347,0.4987703017983878
12.735439538955688,2.0303880656107403,2.372710943222046,5.0,0.5,0.0,-0.8339066139094617,1.7051886129936105,0.4994826116321315
12.799469470977783,2.056571493653454,2.372910737991333,5.0,0.5,0.0,-0.609106929805469,1.57220813366621,0.499723897320529
12.862982034683228,2.0819733268292215,2.373070001602173,5.0,0.5,0.0,-0.49291970210239117,1.4425975390248749,0.4998192094688113
12.92699408531189,2.107961356155198,2.37323260307312,5.0,0.5,0.0,-0.15182786252005787,1.311095086049748,0.49998361299402694
12.991288900375366,2.1341447841979124,2.3733859062194824,5.0,0.5,0.0,-0.07734061276173039,1.1790256117879823,0.5000062259989272
13.055007219314575,2.159742016090416,2.3735222816467285,5.0,0.5,0.0,-0.10192453102764701,1.0498519789655785,0.5000995111544873
13.11903166770935,2.1855346466996566,2.3736517429351807,5.0,0.5,0.0,-0.15251532655454464,0.9200543945583161,0.5008264736148424
13.183027505874634,2.2113272773088974,2.3737714290618896,5.0,0.5,0.0,-0.20003790149072276,0.7903573328003966,0.5050747763017924
13.246975898742676,2.2373153066348745,2.373882293701172,5.0,0.5,0.0,-0.23514276534093345,0.6597854426840983,0.5239490775740167
13.310986995697021,2.263303335960851,2.3739826679229736,5.0,0.5,0.0,-0.2567574889057618,0.529196859722091,0.5862459899689879
13.375041007995605,2.289486764003565,2.3740828037261963,5.0,0.5,0.0,-0.26684049995460335,0.3979747885180768,0.7389455024166517
13.439422845840454,2.3154747933295425,2.3741772174835205,5.0,0.5,0.0,-0.26809244147450195,0.2677565935645958,1.0019265405127966
13.503085851669312,2.341853620088993,2.374267816543579,5.0,0.5,0.0,-0.5390841600982863,0.13584391129182452,1.3102577079098157
13.5670747756958,2.3674508519814963,2.374347448348999,5.0,0.5,0.0,-0.8389746504897833,0.00766193023765241,1.4900088003842589
13.631117582321167,2.3930480838740005,2.3744282722473145,5.0,0.5,0.0,-1.3571620160890483,-0.12003421416060532,1.4316406661568188
13.695173263549805,2.4149327401485077,2.374500036239624,5.0,0.5,0.0,-5.0,-0.2271465785508604,1.2028441377531927
13.759102821350098,2.428806049036811,2.374565839767456,5.0,0.5,0.0,-5.0,-0.2898192548991774,1.0369469469427945
13.822936296463013,2.4313462323543877,2.3746273517608643,5.0,0.5,0.0,-5.0,-0.29190687777217983,1.0072314344191093
13.886942386627197,2.4245072772686043,2.374687671661377,5.0,0.5,0.0,-5.0,-0.24597154503110982,1.0904510069342566
13.951067686080933,2.4102431709468273,2.3747310638427734,5.0,0.5,0.0,-5.0,-0.1639666069879491,1.2588043097153698
14.014968395233154,2.3916802928568437,2.3747804164886475,5.0,0.5,0.0,-5.0,-0.06207887718338385,1.4262116873899475
14.078962564468384,2.3709680288827566,2.3748281002044678,5.0,0.5,0.0,-5.0,0.047325314531452944,1.4787564678845109
14.142964839935303,2.3520143533592996,2.3748767375946045,5.0,0.5,0.0,-5.0,0.1441189177295646,1.3824728806182596
14.206959962844849,2.3397042342048895,2.3749196529388428,5.0,0.5,0.0,5.0,0.20243278324127684,1.2620723848076685
14.271225690841675,2.3357962598701563,2.3749618530273438,5.0,0.5,0.0,5.0,0.21446612691113595,1.2175380948555774
14.334943056106567,2.3389226393379428,2.3749992847442627,5.0,0.5,0.0,5.0,0.19021685116692527,1.2525486142197895
14.39889144897461,2.3471293854408826,2.3770956993103027,5.0,0.5,0.0,5.0,0.21192772743606378,1.3173397964028095
14.462979316711426,2.3580717135781364,2.374882221221924,5.0,0.5,0.0,5.0,0.055814936428987244,1.426780936935605
14.526888370513916,2.3721404211831767,2.368762969970703,5.0,0.5,0.0,5.0,-0.21106719660460072,1.4794532272810128
14.590886354446411,2.385622932638007,2.3557894229888916,5.0,0.5,0.0,5.0,-0.4074064611878849,1.3186680749957698
14.65508222579956,2.3901171031229502,2.3346970081329346,5.0,0.5,0.0,-2.002359457186704,-0.5795331554523647,1.0380559698453868
14.718921899795532,2.3817149583032733,2.3068225383758545,5.0,0.5,0.0,-5.0,-0.8333410441454381,0.8074332522935073
14.783044815063477,2.3606118968957133,2.269219398498535,5.0,0.5,0.0,-5.0,-1.1111257487233934,0.6698816875716668
14.846863746643066,2.3359916585868925,2.2222964763641357,5.0,0.5,0.0,-5.0,-1.4427943278593913,0.5571041023415952
14.910921096801758,2.309808230544179,2.1618032455444336,5.0,0.5,0.0,-5.0,-1.8901787383962956,0.494243711520389
14.974954843521118,2.2842109986516754,2.0914530754089355,5.0,0.5,0.0,-5.0,-2.3962945545988235,0.4823245836263783
15.039014101028442,2.2582229693256983,2.0082194805145264,5.0,0.5,0.0,-5.0,-2.9957430453728833,0.48173578747716633
15.103137016296387,2.2324303387164575,1.9187418222427368,5.0,0.5,0.0,-1.817766526153095,-3.59043316931032,0.4975463388962953
15.167167663574219,2.206051511957007,1.8418203592300415,5.0,0.5,0.0,1.7615519663410195,-3.9261184966679283,0.49769540405690005
15.230919122695923,2.1804542800645033,1.7616044282913208,5.0,0.5,0.0,5.0,-4.284955747545403,0.48173206212393604
15.294875144958496,2.1542708520217895,1.6734198331832886,5.0,0.5,0.0,5.0,-4.726042023344508,0.4817320621239355
15.359280109405518,2.128478221412549,1.5899657011032104,5.0,0.5,0.0,5.0,-5.065147802446403,0.4817320621239355
15.423226594924927,2.1026855908033086,1.5064929723739624,5.0,0.5,0.0,5.0,-5.388712591530056,0.4817320621239355
15.486849546432495,2.077088358910805,1.4278112649917603,5.0,0.5,0.0,5.0,-5.636332269800609,0.4817320621239355
15.550855159759521,2.0511003295848274,1.3382021188735962,5.0,0.5,0.0,5.0,-6.038219600251853,0.4817320621239355
15.615051507949829,2.0249169015421136,1.2517136335372925,5.0,0.5,0.0,5.0,-6.372080049834213,0.4817320621239355
15.67918872833252,1.9989288722161365,1.1699190139770508,5.0,0.5,0.0,5.0,-6.631769014976087,0.4817320621239355
15.7428560256958,1.9723546467399493,1.0865687131881714,5.0,0.5,0.0,5.0,-6.915343016052478,0.4817320621239355
15.806903600692749,1.9469528135641823,1.0032579898834229,5.0,0.5,0.0,5.0,-7.204429504651833,0.4817320621239355
15.870840787887573,1.9205739868047318,0.9184216260910034,5.0,0.5,0.0,5.0,-7.509999604708633,0.4817320621239355
15.93486213684082,1.8949767549122283,0.836741030216217,5.0,0.5,0.0,5.0,-7.77182733959064,0.4817320621239355
15.998858451843262,1.868207130719304,0.7550275325775146,5.0,0.5,0.0,5.0,-8.03348829058328,0.4817320621239355
16.06282067298889,1.8426098988268003,0.6700977087020874,5.0,0.5,0.0,5.0,-8.349420825943753,0.4817320621239355
16.12682795524597,1.8164264707840865,0.5898751020431519,5.0,0.5,0.0,5.0,-8.591872886275665,0.4817320621239355
16.190892934799194,1.791220036325056,0.511236846446991,5.0,0.5,0.0,5.0,-8.824973408478026,0.4817320621239355
16.254821300506592,1.764645810848869,0.42619583010673523,5.0,0.5,0.0,5.0,-9.150088624987594,0.4817320621239355
16.31887912750244,1.7388531802396283,0.3464580476284027,5.0,0.5,0.0,4.876666616972816,-9.396474511452915,0.4826064963085237
16.383224725723267,1.7126697521969145,0.2850227653980255,5.0,0.5,0.0,4.609732829736997,-9.393632398471315,0.4844293578961592
16.446998596191406,1.686877121587674,0.23908907175064087,5.0,0.5,0.0,4.567998697642667,-5.043936323984713,0.48470568131589964
16.510801315307617,1.6606936935449603,0.20532990992069244,5.0,0.5,0.0,4.275853995551393,-5.000439363239847,0.4865737371001787
16.574782848358154,1.6349010629357197,0.17951302230358124,5.0,0.5,0.0,3.907274335371855,-5.000004393632398,0.48876357269414633
16.638803243637085,1.6085222361762692,0.15829336643218994,5.0,0.5,0.0,3.8132638217761405,-5.000000043936324,0.4892920108506937
16.70279836654663,1.5825342068502923,0.14266496896743774,5.0,0.5,0.0,3.503729045423664,-5.000000000439363,0.49094465476223426
16.766810655593872,1.5563507788075785,0.13145267963409424,5.0,0.5,0.0,3.1415623154254275,-5.000000000004394,0.49270691514998455
16.830848217010498,1.5303627494816012,0.12256340682506561,5.0,0.5,0.0,2.517522667589139,-5.000000000000044,0.4953042379083513
16.895129919052124,1.5041793214388874,0.11570437252521515,5.0,0.5,0.0,2.1735555609655064,-5.000000000000001,0.49649553493962995
16.958847045898438,1.4787774882631204,0.11012443900108337,5.0,0.5,0.0,1.6830045364604889,-5.0,0.4978959219162003
17.02286386489868,1.4525940602204066,0.10555678606033325,5.0,0.5,0.0,1.4943004902948724,-5.0,0.49834056261429227
17.086944341659546,1.4266060308944293,0.10185667127370834,5.0,0.5,0.0,1.420713334042424,-6.852038748746393,0.49849973762868666
17.15081238746643,1.4008134002851889,0.040763650089502335,5.0,0.5,0.0,1.3811268160214767,-7.512866034731339,0.498582061942797
17.21477198600769,1.3748253709592118,0.009043756872415543,5.0,0.5,0.0,1.3434364201427402,-7.6134327358953575,0.49865829338050155
17.278762340545654,1.3488373416332344,0.0,5.0,0.5,0.0,1.2973965137691068,-7.374430519173185,0.4987485656547522
17.342922925949097,1.323240109740731,0.0,5.0,0.5,0.0,1.241846889061874,-7.055461034998825,0.4988533145363564
17.40688157081604,1.2972520804147536,0.0,5.0,0.5,0.0,1.1788874010768837,-6.790719542174052,0.4989665199290541
17.470892667770386,1.2714594498055134,0.0,5.0,0.5,0.0,1.3873959506993356,-6.567403649479234,0.49856917875290047
17.535194396972656,1.245471420479536,0.0,5.0,0.5,0.0,1.3510134729160552,-6.469381524121331,0.49864313671936916
17.598872423171997,1.219483391153559,0.0,5.0,0.5,0.0,1.226476593411883,-6.34182922793561,0.4988814922722779
17.663252592086792,1.1934953618275819,0.031585562974214554,5.0,0.5,0.0,1.0824982845384972,-5.596627377008209,0.49912847001605987
17.726874351501465,1.167311933784868,0.045902054756879807,5.0,0.5,0.0,0.9466257346797557,-5.3232333869314985,0.49933338724082404
17.790753841400146,1.1417147018923641,0.07906840741634369,5.0,0.5,0.0,0.827819514880604,-4.815839753970369,0.49949013351044785
17.85506534576416,1.115140476416177,0.11898694932460785,5.0,0.5,0.0,0.7271480009440612,-4.271818382604439,0.49960655740271964
17.918715953826904,1.0895432445236732,0.1653987467288971,5.0,0.5,0.0,0.3666793142530801,-3.705169969376616,0.49989992259637867
17.982706308364868,1.0635552151976961,0.21138963103294373,5.0,0.5,0.0,-0.013355163364567685,-3.203589519203646,0.4999998672284494
18.04678225517273,1.0371763884382457,0.26370730996131897,5.0,0.5,0.0,0.2247537064045254,-2.6549769073320033,0.4999623985952913
18.110721349716187,1.0115791565457417,0.3237334191799164,5.0,0.5,0.0,0.06189028494177792,-2.0490939046084566,0.4999971486508427
18.17485785484314,0.9857865259365014,0.39767196774482727,5.0,0.5,0.0,0.35219187171844474,-1.3018631302483143,0.4999076737422519
18.23872971534729,0.9594076991770509,0.4795991778373718,5.0,0.5,0.0,0.45299062752132124,-0.5138403328169912,0.4998472719626384
18.303075075149536,0.9334196698510738,0.5713739395141602,5.0,0.5,0.0,0.4681818206177818,0.3358147242581305,0.4998368583330582
18.36691951751709,0.9084086341087799,0.6592220067977905,5.0,0.5,0.0,1.8274946683804445,1.0489590008574712,0.4975241105476332
18.430776119232178,0.8945353252204764,0.7468606233596802,5.0,0.5,0.0,5.0,1.656471603914983,0.49449048619704605
18.494771480560303,0.9097764251259366,0.8315170407295227,5.0,0.5,0.0,5.0,2.042690857734289,0.7755173037516607
18.558942079544067,0.9351782583017039,0.9225566983222961,5.0,0.5,0.0,5.0,2.4527953194763716,1.4503735130373423
18.62301754951477,0.9607754901942076,1.0167986154556274,5.0,0.5,0.0,5.0,2.8832612798044908,1.015540565198814
18.686884880065918,0.9869589182369213,1.112604022026062,5.0,0.5,0.0,5.0,3.307327532506957,0.5242708730613362
18.751016855239868,1.0125561501294251,1.20364248752594,5.0,0.5,0.0,5.0,3.6459519567335135,0.4824057136072063
18.815021753311157,1.0385441794554024,1.2993390560150146,5.0,0.5,0.0,2.752851868738091,4.043336296878619,0.4943917297405637
18.878702402114868,1.0641414113479062,1.3887524604797363,5.0,0.5,0.0,-2.6028959494044557,4.341609556785635,0.49498198719048353
18.94293451309204,1.09032483939062,1.4860203266143799,5.0,0.5,0.0,-5.0,4.751409762314162,0.48173206212396064
19.006747245788574,1.1159220712831237,1.5785679817199707,5.0,0.5,0.0,-5.0,5.083287191257172,0.4817320621239355
19.070618629455566,1.1423008980425742,1.669545292854309,5.0,0.5,0.0,-5.0,5.389895299863758,0.4817320621239355
19.134752988815308,1.1678981299350781,1.763687014579773,5.0,0.5,0.0,-5.0,5.748961209086683,0.4817320621239355
19.19895577430725,1.1942769566945284,1.859233021736145,5.0,0.5,0.0,-5.0,6.119125386695908,0.4817320621239355
19.26266646385193,1.2198741885870323,1.948332667350769,5.0,0.5,0.0,-5.0,6.396616663231443,0.4817320621239355
19.326622247695923,1.2458622179130094,2.042241334915161,5.0,0.5,0.0,-5.0,6.750070184055162,0.4817320621239355
19.390618801116943,1.2718502472389868,2.1290338039398193,5.0,0.5,0.0,-5.0,7.001314472138243,0.4817320621239355
19.454864978790283,1.2974474791314903,2.194556951522827,5.0,0.5,0.0,-5.0,6.974661532703758,0.4817320621239355
19.518635511398315,1.323630907174204,2.233264684677124,5.0,0.5,0.0,-5.0,6.638706678366279,0.4817320621239355
19.582664489746094,1.3492281390667082,2.2608935832977295,5.0,0.5,0.0,-5.0,6.2682706064775555,0.4817320621239355
19.646671533584595,1.3752161683926851,2.2823326587677,5.0,0.5,0.0,-5.0,5.922913041482085,0.4817320621239355
19.71064519882202,1.4012041977186624,2.2984867095947266,5.0,0.5,0.0,-5.0,5.600300951379852,0.4817320621239355
19.7751522064209,1.4273876257613762,2.3113458156585693,5.0,0.5,0.0,-5.0,5.312427437510077,0.4817320621239355
19.838890314102173,1.4531802563706164,2.320848226547241,5.0,0.5,0.0,-5.0,5.045920652964631,0.4817320621239355
19.902608156204224,1.4793636844133302,2.328232526779175,5.0,0.5,0.0,-5.0,4.803234059072413,0.4817320621239355
19.966624975204468,1.5047655175890977,2.33422589302063,5.0,0.5,0.0,-5.0,4.589508942179405,0.4817320621239355
20.030707597732544,1.5309489456318115,2.3391926288604736,5.0,0.5,0.0,-5.0,4.392492246822202,0.4817320621239355
20.09459900856018,1.5569369749577884,2.3432400226593018,5.0,0.5,0.0,-5.0,4.210914561538485,0.4817320621239355
20.15859079360962,1.5829250042837657,2.3464720249176025,5.0,0.5,0.0,-5.0,4.039475440569521,0.4817320621239355
20.22260808944702,1.6091084323264795,2.3491382598876953,5.0,0.5,0.0,-5.0,3.876415794632884,0.4817320621239355
20.287059783935547,1.6352918603691935,2.3515942096710205,5.0,0.5,0.0,-5.0,3.8248373001743237,0.4817320621239355
20.350587368011475,1.660889092261697,2.3536477088928223,5.0,0.5,0.0,-4.9070814211319735,3.7204229143957845,0.48239273754880474
20.414567708969116,1.6872679190211477,2.355674982070923,5.0,0.5,0.0,-4.358350258517073,3.5847838372233243,0.4860580198313465
20.47865319252014,1.7130605496303881,2.3577446937561035,5.0,0.5,0.0,-3.990844521408945,3.447329532582741,0.488283510874322
20.542534112930298,1.7388531802396283,2.3595407009124756,5.0,0.5,0.0,-3.7036293271076475,3.305298355483773,0.48989270976217403
20.60660195350647,1.7650366082823423,2.3611133098602295,5.0,0.5,0.0,-3.176356662903409,3.159294178550932,0.4925456884328297
20.670578479766846,1.7914154350417928,2.3624188899993896,5.0,0.5,0.0,-2.909889379313067,3.009861318880214,0.493736384731385
20.734522104263306,1.8164264707840865,2.3637890815734863,5.0,0.5,0.0,-2.7431115396108003,2.874961226356724,0.49442989681872157
20.798543691635132,1.8426098988268003,2.3649404048919678,5.0,0.5,0.0,-2.6072041519085687,2.73213155974552,0.4949654455162224
20.862548828125,1.868402529436041,2.366006851196289,5.0,0.5,0.0,-2.4757730035909575,2.593310973732635,0.4954579883527772
20.92688512802124,1.8945859574787545,2.3669610023498535,5.0,0.5,0.0,-2.3410458464923725,2.4532121212016196,0.49593691475879187
20.990564823150635,1.920378588087995,2.3678109645843506,5.0,0.5,0.0,-2.2027629842571335,2.3155801411105683,0.49640106081717555
21.05461311340332,1.946562016130709,2.36859393119812,5.0,0.5,0.0,-2.3392141326602567,2.177648368844267,0.49594324460970823
21.118854761123657,1.9723546467399493,2.369368314743042,5.0,0.5,0.0,-2.510133344700383,2.0446350823838646,0.4953316341460716
21.18262243270874,1.9985380747826633,2.370060920715332,5.0,0.5,0.0,-2.3535166631288575,1.909239267791601,0.4958936898396352
21.246564388275146,2.024135306675167,2.370704412460327,5.0,0.5,0.0,-2.0929483933554884,1.777367394099689,0.49674981311253436
21.3104989528656,2.050123336001144,2.37129807472229,5.0,0.5,0.0,-1.8233003027178043,1.6439653551602014,0.49753141216821667
21.37448763847351,2.076111365327121,2.3718488216400146,5.0,0.5,0.0,-1.3040436836716605,1.5108329225749224,0.49873575101216827
21.43863582611084,2.101708597219625,2.372312545776367,5.0,0.5,0.0,-1.0634617115713898,1.3784348232815133,0.49915926411923106
21.502485513687134,2.1276966265456023,2.372783660888672,5.0,0.5,0.0,-0.669523650269173,1.2462162525708154,0.49967248654670104
21.567060232162476,2.1534892571548427,2.3731753826141357,5.0,0.5,0.0,-0.5690572357668519,1.1136395760444024,0.49982327296125584
21.63049340248108,2.1796726851975565,2.37353253364563,5.0,0.5,0.0,-0.5753486234603045,0.979598270351582,0.5002977715959839
21.69453191757202,2.2052699170900603,2.3738629817962646,5.0,0.5,0.0,-0.6079164763174756,0.8489878882223112,0.5031224430139544
21.758528470993042,2.231453345132774,2.374119758605957,5.0,0.5,0.0,-0.6354624611987019,0.7142243390814356,0.5167642291013057
21.822511434555054,2.257245975742015,2.374394655227661,5.0,0.5,0.0,-0.648532117929923,0.5835144115679398,0.563950561625133
21.88649034500122,2.2834294037847283,2.374626398086548,5.0,0.5,0.0,-0.6466747768027317,0.45033130211590505,0.6891865044814204
21.950584173202515,2.3088312369604957,2.374854803085327,5.0,0.5,0.0,-0.6326037398576213,0.3219003578288141,0.9178909960632251
22.0144944190979,2.335405462436683,2.3750922679901123,5.0,0.5,0.0,-0.8857205046791372,0.18891637249359586,1.2291990240566968
22.078547477722168,2.3610026943291866,2.3752734661102295,5.0,0.5,0.0,-1.1661509102972327,0.05928683121460461,1.4590760805811969
22.142550706863403,2.3873815210886367,2.3754770755767822,5.0,0.5,0.0,-1.3881007202608884,-0.07255515041506236,1.4706224616064225
22.206466913223267,2.411024765813774,2.375654697418213,5.0,0.5,0.0,-4.01673734299568,-0.1901131125850538,1.2667713463285768
22.270432233810425,2.4276336567363908,2.3758151531219482,5.0,0.5,0.0,-5.0,-0.2683246419541509,1.0662127942248514
22.33445453643799,2.433691016955228,2.3759615421295166,5.0,0.5,0.0,-5.0,-0.2895250678555555,0.9952150126064249
22.398465871810913,2.429587643903758,2.376089096069336,5.0,0.5,0.0,-5.0,-0.2582755802538707,1.0458911908890718
22.4626247882843,2.417082126032611,2.376209259033203,5.0,0.5,0.0,-5.0,-0.18492386642305628,1.1977011750307662
22.52650809288025,2.399105444092837,2.3763251304626465,5.0,0.5,0.0,-5.0,-0.08521083768894798,1.3831479547641632
22.590540885925293,2.3772207878183305,2.37642765045166,5.0,0.5,0.0,-5.0,0.031138475647274757,1.4816062566616246
22.65441584587097,2.3559223276940333,2.376521348953247,5.0,0.5,0.0,-5.0,0.14067303235343878,1.4003693320646722
22.718876600265503,2.3410720252220463,2.3766136169433594,5.0,0.5,0.0,3.689407631885935,0.21273247178208704,1.266716124926341
22.782767057418823,2.3344284688529995,2.3766963481903076,5.0,0.5,0.0,5.0,0.23854416848712165,1.1812843587980608
22.84641408920288,2.3357962598701563,2.3767707347869873,5.0,0.5,0.0,5.0,0.2221898716987074,1.1965113166093626
22.910407543182373,2.344003005973096,2.3768420219421387,5.0,0.5,0.0,5.0,0.17183742359640883,1.2877250842192176
22.97440004348755,2.3563131251275062,2.376906394958496,5.0,0.5,0.0,5.0,0.10171715743618855,1.4004128607948465
23.038493394851685,2.3727266173333863,2.3769686222076416,5.0,0.5,0.0,5.0,0.013100192274082949,1.478139609407705
23.10237956047058,2.3895309069727406,2.377030611038208,5.0,0.5,0.0,5.0,-0.07469087786388041,1.450963862436443
23.166783809661865,2.4037950132945176,2.3770885467529297,5.0,0.5,0.0,5.0,-0.14653645581147018,1.3487920876297648
23.23061966896057,2.4112201645305107,2.377141237258911,5.0,0.5,0.0,-2.2462980154279357,-0.17975162577979506,1.2889863014897787
23.294437885284424,2.4114155632472474,2.377187967300415,5.0,0.5,0.0,-5.0,-0.17381796436163774,1.2728520234860146
23.3583824634552,2.4063351966120936,2.3772332668304443,5.0,0.5,0.0,-5.0,-0.14103844980234895,1.3259163451492566
23.42243266105652,2.3971514569254704,2.3772695064544678,5.0,0.5,0.0,-5.0,-0.08861076226771233,1.4057180326156202
23.4864661693573,2.38484133777106,2.377303123474121,5.0,0.5,0.0,-5.0,-0.02223087202344465,1.470431464080975
23.550688982009888,2.37194502246644,2.3797802925109863,5.0,0.5,0.0,-5.0,0.129075321362657,1.4695288414482004
23.614440441131592,2.3606118968957133,2.379805326461792,5.0,0.5,0.0,-4.2080655541853895,0.16571565166665395,1.415961727474785
23.678459644317627,2.3561177264107696,2.37855863571167,5.0,0.5,0.0,5.0,0.12491321982226325,1.3859192425317595
23.74241828918457,2.357680916144663,2.3754689693450928,5.0,0.5,0.0,5.0,0.004207953067841387,1.420409883070469
23.806368350982666,2.3627612827798163,2.370107889175415,5.0,0.5,0.0,5.0,-0.166223951480165,1.4709955888353377
23.870457887649536,2.36432447251371,2.360936403274536,5.0,0.5,0.0,5.0,-0.2974999568923159,1.4794388928293207
23.934441328048706,2.3606118968957133,2.3456871509552,5.0,0.5,0.0,-0.3705996407875576,-0.3021966930020581,1.4563259235988106
23.99836254119873,2.35025576490867,2.32448148727417,5.0,0.5,0.0,-5.0,-0.47516810154788935,1.3573173835286636
24.062453031539917,2.332474481685633,2.2953341007232666,5.0,0.5,0.0,-5.0,-0.6861882279156827,1.2406348571322279
24.126601934432983,2.306681851076392,2.258838653564453,5.0,0.5,0.0,-5.0,-0.9128440491413846,1.1144096606356446
24.190541982650757,2.281475416617362,2.2135965824127197,5.0,0.5,0.0,-5.0,-1.2125810963623647,0.8796508971475061
24.254661798477173,2.2552919885746476,2.156357526779175,5.0,0.5,0.0,-5.0,-1.615344541245341,0.6229281661549531
24.318683385849,2.229499357965407,2.085139036178589,5.0,0.5,0.0,-4.947752200447106,-2.1411436134778747,0.4975884689085675
24.38240098953247,2.2033159299226934,1.9990603923797607,5.0,0.5,0.0,-2.261377814583281,-2.783177560255206,0.4964455207712472
24.446351528167725,2.17771869803019,1.9088000059127808,5.0,0.5,0.0,1.3419874518909392,-3.3852443138894963,0.49866170526990733
24.510287523269653,2.1515352699874764,1.8193110227584839,5.0,0.5,0.0,4.263842172190204,-3.8906681578525646,0.4866480512249095
24.574304580688477,2.126133436811709,1.7311776876449585,5.0,0.5,0.0,5.0,-4.324445292973856,0.48173206212396374
24.63836693763733,2.099950008768995,1.642994999885559,5.0,0.5,0.0,5.0,-4.718814071545814,0.4817320621239355
24.7023766040802,2.0741573781597546,1.5532289743423462,5.0,0.5,0.0,5.0,-5.111777246549869,0.4817320621239355
24.766446590423584,2.0483647475505142,1.4634971618652344,5.0,0.5,0.0,5.0,-5.482541614207492,0.4817320621239355
24.83030390739441,2.022376718224537,1.3754338026046753,5.0,0.5,0.0,5.0,-5.81388867110088,0.4817320621239355
24.8943829536438,1.9963886888985598,1.2873975038528442,5.0,0.5,0.0,5.0,-6.138355236341956,0.4817320621239355
24.958377361297607,1.970205260855846,1.2024601697921753,5.0,0.5,0.0,5.0,-6.414671923337911,0.4817320621239355
25.02233576774597,1.944803427680079,1.1159453392028809,5.0,0.5,0.0,5.0,-6.72151648722226,0.4817320621239355
25.086334466934204,1.9182292022038918,1.0247597694396973,5.0,0.5,0.0,5.0,-7.087131922351475,0.4817320621239355
25.150362968444824,1.8924365715946512,0.9352041482925415,5.0,0.5,0.0,5.0,-7.421755976380787,0.4817320621239355
25.214306831359863,1.8660577448352007,0.8425303101539612,5.0,0.5,0.0,5.0,-7.791751471294642,0.4817320621239355
25.278294563293457,1.8400697155092236,0.7513881325721741,5.0,0.5,0.0,4.9808731187461905,-8.131272951506721,0.48186899780866504
25.34239101409912,1.8142770848999832,0.6601572632789612,5.0,0.5,0.0,5.0,-8.468742996267201,0.4817320621239355
25.406431674957275,1.7886798530074792,0.5689177513122559,5.0,0.5,0.0,4.95667234909131,-8.80422766412828,0.48204156241129387
25.470261096954346,1.7624964249647657,0.4824078679084778,5.0,0.5,0.0,4.736680509564763,-9.06908134652804,0.4835743830268953
25.534329414367676,1.7365083956387886,0.39572569727897644,5.0,0.5,0.0,4.4447610846985235,-9.34771767688801,0.485507867143565
25.5983304977417,1.710715765029548,0.3169802129268646,5.0,0.5,0.0,4.4078468947398814,-9.524833095891324,0.4857441341991211
25.66238307952881,1.6847277357035708,0.2621693015098572,5.0,0.5,0.0,4.131125564098057,-9.39456030684508,0.487455948359988
25.726303577423096,1.658544307660857,0.22353044152259827,5.0,0.5,0.0,4.056228239887645,-5.043945603068451,0.48790117399842947
25.790316820144653,1.6327516770516164,0.1911822110414505,5.0,0.5,0.0,3.7358356387907636,-5.000439456030684,0.489717989655915
25.854251623153687,1.6067636477256393,0.16630080342292786,5.0,0.5,0.0,3.3524381250793853,-5.000004394560307,0.4917034050225332
25.91831374168396,1.5803848209661888,0.14860893785953522,5.0,0.5,0.0,2.9813692996104075,-5.000000043945604,0.4934269366290301
25.982223510742188,1.5545921903569486,0.13620014488697052,5.0,0.5,0.0,2.648996956999232,-5.0000000004394565,0.4948035950213206
26.046374559402466,1.5286041610309713,0.1265822947025299,5.0,0.5,0.0,2.360447663480351,-5.000000000004395,0.49586956875006444
26.110227584838867,1.5028115304217309,0.11912697553634644,5.0,0.5,0.0,2.112508385576115,-5.000000000000044,0.4966889814192302
26.174272060394287,1.4770188998124902,0.11305409669876099,5.0,0.5,0.0,1.3473271755172727,-5.000000000000001,0.49865052114767044
26.238224983215332,1.4510308704865131,0.10829907655715942,5.0,0.5,0.0,1.3729256461456791,-5.0,0.49859882791103305
26.302225828170776,1.425238239877273,0.1043902039527893,5.0,0.5,0.0,1.079739637424779,-6.861226022594892,0.49913290253470183
26.366432666778564,1.3992502105512956,0.10126575827598572,5.0,0.5,0.0,1.0026918520400248,-6.709177927614543,0.4992521462844459
26.4302077293396,1.3736529786587917,0.0626496970653534,5.0,0.5,0.0,0.9978473515681999,-7.04809527436003,0.4992593499876899
26.49456763267517,1.347469550616078,0.03677595779299736,5.0,0.5,0.0,1.0051985957090788,-7.129615765475645,0.4992484051361396
26.558200359344482,1.3218723187235741,0.014726165682077408,5.0,0.5,0.0,1.0030177500799795,-7.134565833068606,0.4992516604299762
26.62229299545288,1.2958842893975973,0.0,5.0,0.5,0.0,1.2621840788922238,-7.0288451120634825,0.4988154943462264
26.686161756515503,1.2702870575050933,0.0,5.0,0.5,0.0,1.2650780267748571,-6.734846399387358,0.4988100629031433
26.750179052352905,1.244299028179116,0.0,5.0,0.5,0.0,1.1697214815791437,-6.486896884918163,0.49898251189197596
26.814245462417603,1.2185063975698756,0.005329158157110214,5.0,0.5,0.0,1.0468093634205016,-6.318534588685765,0.49918494360842247
26.87825107574463,1.1927137669606351,0.027364294975996017,5.0,0.5,0.0,1.201854300535429,-5.543660723734927,0.498925903190391
26.9421648979187,1.1665303389179214,0.05196498706936836,5.0,0.5,0.0,0.850443900432985,-5.274532645462697,0.49946189848194494
27.006171703338623,1.140737708308681,0.08739365637302399,5.0,0.5,0.0,0.6685558906394456,-4.739141396274433,0.4996673882224013
27.070456743240356,1.1143588815492305,0.13338814675807953,5.0,0.5,0.0,0.5677901416984131,-4.120641930103586,0.4997600735371902
27.13416361808777,1.0885662509399898,0.1908179074525833,5.0,0.5,0.0,0.22943941167162935,-3.4221477995314906,0.4999608144724967
27.19814896583557,1.0625782216140127,0.25905904173851013,5.0,0.5,0.0,-0.12388031649973949,-2.6561146920572853,0.4999885763121766
27.26256012916565,1.0361993948545623,0.3355731666088104,5.0,0.5,0.0,0.13867396943435423,-1.8606480002081232,0.4999856850329565
27.326136589050293,1.0107975616787952,0.4202497601509094,5.0,0.5,0.0,0.2719519262709741,-1.0401351403979793,0.4999449487677591
27.390289306640625,0.9850049310695548,0.5158258080482483,5.0,0.5,0.0,0.33501667022396125,-0.1466709236266317,0.4999164583157341
27.45433783531189,0.9586261043101042,0.6062977313995361,5.0,0.5,0.0,0.3594702582346935,0.5943365749867676,0.4999038186754246
27.518139123916626,0.933810467284547,0.6955493688583374,5.0,0.5,0.0,2.5708381066406023,1.2627287154800255,0.49511595419344145
27.58212184906006,0.9265807147652902,0.7880150079727173,5.0,0.5,0.0,5.0,1.855296792913961,0.503223707215081
27.646191596984863,0.9482699723230607,0.8758594989776611,5.0,0.5,0.0,5.0,2.207041307745551,0.8321406785304611
27.71023941040039,0.9740626029323012,0.9653584957122803,5.0,0.5,0.0,5.0,2.553833840082048,1.4666939840508308
27.774139881134033,1.000246030975015,1.048612356185913,5.0,0.5,0.0,5.0,2.804658462908489,1.1080730902322027
27.838117361068726,1.0260386615842554,1.1381263732910156,5.0,0.5,0.0,5.0,3.1543020966380166,0.5627786587169582
27.902206897735596,1.0520266909102327,1.2275787591934204,5.0,0.5,0.0,5.0,3.493866075495977,0.48383650242864595
27.96612238883972,1.0780147202362098,1.3185631036758423,5.0,0.5,0.0,1.1877383446609358,3.8481204827043882,0.4989603792618542
28.030102491378784,1.1038073508454502,1.4079798460006714,5.0,0.5,0.0,-4.093007561888391,4.173090935831452,0.4876835163715499
28.094106674194336,1.129404582737954,1.4974024295806885,5.0,0.5,0.0,-5.0,4.496903659098693,0.4817320621256628
28.15811514854431,1.1551972133471944,1.5836762189865112,5.0,0.5,0.0,-5.0,4.774809181695389,0.4817320621239356
28.222121953964233,1.1809898439564348,1.6746550798416138,5.0,0.5,0.0,-5.0,5.124873518166379,0.4817320621239355
28.286505222320557,1.2073686707158855,1.765655755996704,5.0,0.5,0.0,-5.0,5.465671746127136,0.4817320621239355
28.350106954574585,1.233161301325126,1.8533815145492554,5.0,0.5,0.0,-5.0,5.758617920612652,0.4817320621239355
28.414186716079712,1.2597355268013128,1.9424768686294556,5.0,0.5,0.0,-5.0,6.071315962929825,0.4817320621239355
28.478105783462524,1.285332758693817,2.0285446643829346,5.0,0.5,0.0,-5.0,6.347002711366721,0.4817320621239355
28.542126417160034,1.3109299905863208,2.1149699687957764,5.0,0.5,0.0,-5.0,6.6353071367156495,0.4817320621239355
28.606307983398438,1.3371134186290345,2.1794517040252686,5.0,0.5,0.0,-5.0,6.621364550793584,0.4817320621239355
28.670263528823853,1.362710650521538,2.2226665019989014,5.0,0.5,0.0,-5.0,6.374419856603065,0.4817320621239355
28.734232187271118,1.3890894772809885,2.2526586055755615,5.0,0.5,0.0,-5.0,6.038222141325884,0.4817320621239355
28.798176765441895,1.414491310456756,2.274939775466919,5.0,0.5,0.0,-5.0,5.7045830561727,0.4817320621239355
28.86224675178528,1.4404793397827331,2.292644739151001,5.0,0.5,0.0,-5.0,5.399092808967051,0.4817320621239355
28.92619228363037,1.4658811729585002,2.3061788082122803,5.0,0.5,0.0,-5.0,5.117409422007866,0.4817320621239355
28.99006700515747,1.4918692022844773,2.316678285598755,5.0,0.5,0.0,-5.0,4.856908676473643,0.4817320621239355
29.054067373275757,1.5178572316104544,2.325402021408081,5.0,0.5,0.0,-5.0,4.626270227429845,0.4817320621239355
29.118057250976562,1.5442360583699049,2.33217453956604,5.0,0.5,0.0,-5.0,4.4097760107071275,0.4817320621239355
29.182328939437866,1.5700286889791455,2.3377597332000732,5.0,0.5,0.0,-5.0,4.215048068998899,0.4817320621239355
29.246485471725464,1.596212117021859,2.3425939083099365,5.0,0.5,0.0,-5.0,4.035944441302055,0.4817320621239355
29.310087203979492,1.621809348914363,2.346543550491333,5.0,0.5,0.0,-5.0,3.869077044852864,0.4817320621239355
29.374098539352417,1.6479927769570768,2.349869728088379,5.0,0.5,0.0,-5.0,3.7081626978011344,0.4817320621239355
29.43805241584778,1.6737854075663172,2.3527982234954834,5.0,0.5,0.0,-4.7517755948067535,3.6007349359827048,0.4834712768280048
29.50221276283264,1.7001642343257677,2.355337381362915,5.0,0.5,0.0,-4.505705447119292,3.528040446501411,0.4851137404793387
29.566044569015503,1.7257614662182716,2.3574774265289307,5.0,0.5,0.0,-4.253013833043821,3.4129721560870023,0.4867148734520205
29.63005828857422,1.7517494955442485,2.359361171722412,5.0,0.5,0.0,-3.7191269877905766,3.274181581216098,0.489808815586804
29.694085597991943,1.7777375248702258,2.361058473587036,5.0,0.5,0.0,-3.427542614521397,3.127859508705957,0.4913307820427921
29.758085250854492,1.8037255541962032,2.362555742263794,5.0,0.5,0.0,-3.2282501567780075,2.9792193119397563,0.49230203017484836
29.822097301483154,1.8297135835221803,2.364015579223633,5.0,0.5,0.0,-3.0578022609237814,2.834688177618515,0.4930879610902229
29.886085510253906,1.8557016128481572,2.365255117416382,5.0,0.5,0.0,-2.8923337870790853,2.6890195839335584,0.4938112662508631
29.950116395950317,1.8816896421741343,2.366387367248535,5.0,0.5,0.0,-2.7251996917070684,2.545676827133768,0.4945020020339845
